,PH130,PH133,PH2,PH25,PH14,PH117,PH51,PH102,PH120,PH123,PH124,PH126,PH127,PH143,PH48,PH55,PH6,PH59,PH54,PH38,PH125,PH135,PH114,PH144,PH139,PH34,PH40,PH37,PH32,PH119,PH136,PH31,PH36,PH110,PH122,PH26,PH27,PH33,PH8,PH49,PH108,PH7,PH22,PH128,PH132,PH3,PH99,PH100,PH21,PH4,PH56,PH50,PH138,PH18,PH35,PH23,PH104,PH1,PH112,PH129,PH58,PH145,PH121,PH137,PH13,PH15,PH9,PH115,PH11,PH116,PH140,PH24,PH101,PH107,PH43,PH42,PH60,PH16,PH57,PH118,PH103,PH28,PH105,PH61,PH63,PH109,PH97,PH141,PH41,PH46,PH17,PH30,PH44,PH29,PH45,PH47,PH111,PH106,PH113,PH19,PH39,PH52,PH131,PH134,PH62,PH20,PH5
PH130,84282,84073,84083,84014,84045,16825,16178,6971,6971,6971,6971,6969,6969,6971,6967,6972,6970,6964,6965,6967,6972,6971,6973,6971,6973,6977,6977,6971,6966,6979,6979,6970,6977,6928,7091,6769,6766,6953,7462,5538,3155,3156,3155,3155,3125,3121,3156,3759,3759,3761,3765,3725,3081,3019,3084,3076,4101,4101,4109,3689,3688,3686,2644,3020,3017,3195,3198,4588,4584,3014,3010,3035,3251,3251,3248,3249,3248,3251,3250,3358,3254,3252,3253,3252,3252,3255,3253,3255,3254,3253,3250,3250,3253,3253,3153,3157,3176,3091,3090,3088,3092,3088,1758,1753,1752,1752,217
PH133,84073,84186,84142,84035,84063,16818,16177,6974,6974,6974,6974,6972,6972,6974,6970,6975,6973,6967,6968,6970,6975,6974,6976,6974,6976,6980,6980,6974,6969,6977,6977,6973,6980,6931,7078,6773,6770,6955,7461,5538,3156,3157,3156,3156,3123,3119,3154,3761,3761,3763,3767,3722,3082,3016,3081,3073,4102,4102,4110,3691,3690,3688,2646,3021,3018,3196,3199,4586,4582,3015,3011,3036,3252,3252,3249,3250,3249,3252,3251,3359,3255,3253,3254,3253,3253,3256,3254,3256,3255,3254,3251,3251,3254,3254,3154,3158,3177,3092,3091,3089,3093,3089,1760,1755,1754,1754,218
PH2,84083,84142,84303,84082,84115,16828,16196,6975,6975,6975,6975,6973,6973,6975,6972,6978,6975,6968,6970,6972,6976,6975,6977,6975,6977,6984,6983,6977,6970,6978,6978,6974,6983,6933,7076,6774,6770,6956,7463,5540,3157,3158,3157,3157,3124,3120,3155,3761,3761,3763,3767,3722,3083,3017,3082,3074,4101,4103,4110,3693,3692,3690,2646,3022,3019,3197,3200,4585,4581,3016,3012,3036,3252,3252,3249,3250,3249,3252,3251,3360,3256,3254,3255,3254,3254,3257,3255,3257,3257,3255,3252,3252,3256,3255,3155,3160,3178,3093,3092,3090,3095,3090,1760,1755,1754,1754,218
PH25,84014,84035,84082,84190,84095,16815,16170,6971,6970,6968,6968,6967,6969,6971,6965,6968,6967,6962,6963,6965,6969,6969,6970,6971,6971,6973,6973,6969,6965,6972,6972,6969,6973,6923,7077,6769,6768,6947,7457,5533,3154,3154,3154,3154,3119,3115,3152,3757,3756,3758,3761,3717,3080,3013,3078,3071,4098,4097,4106,3687,3685,3685,2642,3020,3017,3193,3195,4578,4574,3010,3007,3034,3250,3250,3248,3248,3248,3251,3249,3358,3252,3250,3251,3250,3250,3253,3251,3252,3251,3251,3248,3248,3251,3251,3153,3157,3176,3089,3089,3087,3090,3087,1758,1754,1753,1753,217
PH14,84045,84063,84115,84095,84181,16813,16171,6968,6967,6967,6967,6966,6966,6968,6964,6968,6966,6961,6964,6964,6968,6968,6969,6968,6970,6973,6973,6968,6964,6976,6976,6968,6973,6923,7079,6768,6767,6948,7458,5532,3153,3153,3153,3153,3118,3115,3150,3754,3754,3756,3759,3720,3077,3011,3076,3069,4097,4096,4105,3683,3681,3680,2643,3019,3018,3194,3194,4581,4577,3010,3005,3032,3248,3248,3246,3246,3246,3249,3247,3357,3252,3250,3251,3250,3250,3253,3251,3252,3252,3251,3248,3248,3252,3251,3151,3156,3174,3087,3087,3085,3088,3087,1755,1751,1750,1750,217
PH117,16825,16818,16828,16815,16813,40233,16869,6556,6555,6557,6556,6556,6555,6556,6556,6557,6558,6555,6557,6552,6555,6556,6556,6556,6557,6560,6560,6556,6554,6557,6557,6554,6559,6663,6724,6362,6356,6525,7144,5334,2958,2959,2958,2958,2781,2780,2837,3453,3452,3452,3456,3536,2748,2672,2750,2748,4557,4557,4569,3578,3576,3576,2731,2683,2683,2833,2833,5252,5244,2673,2672,2711,3161,3160,3158,3158,3158,3163,3161,3322,3033,3033,3033,3033,3032,3033,3033,3034,3033,3033,3031,3031,3032,3033,2877,2880,2883,2687,2687,2686,2689,2686,1363,1361,1361,1361,229
PH51,16178,16177,16196,16170,16171,16869,32752,7108,7108,7109,7109,7108,7107,7108,7109,7110,7111,7103,7106,7106,7108,7142,7109,7108,7109,7113,7113,7111,7104,7110,7110,7109,7114,7511,7292,7120,7118,7122,7550,5707,3411,3413,3411,3411,3430,3425,3484,4609,4605,4609,4614,4352,3283,3219,3287,3279,4367,4371,4387,4446,4446,4443,2715,3239,3237,3405,3410,4648,4641,3396,3395,3328,3369,3369,3366,3367,3366,3371,3371,3459,3374,3372,3374,3371,3372,3374,3374,3376,3377,3375,3371,3371,3377,3374,3269,3274,3278,3238,3237,3236,3240,3232,1844,1840,1839,1838,217
PH102,6971,6974,6975,6971,6968,6556,7108,17262,17254,17240,17242,17236,17243,17246,17229,17231,17225,17217,17224,17229,17231,17228,17234,17240,17233,17239,17235,17224,17220,17238,17237,17219,17235,11729,12701,12087,12086,12731,10276,8136,3506,3507,3506,3506,3550,3550,3577,3628,3627,3627,3627,3563,3372,3305,3378,3372,3537,3540,3551,3631,3630,3628,2712,3267,3265,3499,3504,3670,3670,3283,3282,3358,3229,3229,3229,3229,3229,3231,3231,3229,3218,3216,3218,3216,3219,3218,3218,3218,3219,3218,3216,3216,3217,3218,3159,3162,3174,3258,3259,3258,3260,3256,1827,1826,1825,1824,235
PH120,6971,6974,6975,6970,6967,6555,7108,17254,17264,17242,17243,17237,17244,17246,17226,17228,17222,17213,17220,17225,17232,17229,17236,17237,17234,17236,17236,17221,17216,17238,17233,17215,17232,11732,12698,12085,12087,12730,10275,8141,3506,3508,3506,3510,3555,3550,3581,3632,3627,3627,3628,3567,3377,3306,3379,3376,3541,3541,3555,3631,3631,3628,2716,3267,3265,3504,3506,3675,3671,3287,3283,3362,3234,3234,3233,3230,3229,3235,3232,3232,3221,3219,3221,3216,3222,3221,3218,3222,3220,3218,3216,3216,3217,3218,3159,3162,3174,3263,3263,3258,3261,3256,1828,1826,1825,1824,235
PH123,6971,6974,6975,6968,6967,6557,7109,17240,17242,17260,17255,17249,17237,17239,17242,17243,17238,17229,17236,17225,17228,17225,17232,17230,17230,17236,17236,17221,17216,17234,17229,17215,17232,11728,12700,12092,12094,12730,10284,8146,3507,3509,3507,3511,3555,3550,3581,3633,3628,3628,3629,3568,3377,3307,3380,3377,3542,3542,3556,3632,3632,3628,2717,3267,3265,3503,3505,3676,3672,3287,3283,3362,3234,3234,3233,3230,3229,3235,3232,3232,3221,3219,3221,3216,3222,3221,3218,3222,3220,3218,3216,3216,3217,3218,3159,3162,3174,3263,3263,3258,3261,3256,1828,1826,1825,1824,235
PH124,6971,6974,6975,6968,6967,6556,7109,17242,17243,17255,17258,17251,17238,17241,17240,17242,17236,17227,17234,17223,17230,17226,17233,17231,17231,17235,17235,17220,17215,17236,17231,17214,17231,11729,12698,12090,12092,12727,10280,8142,3507,3509,3507,3511,3555,3550,3581,3633,3628,3628,3629,3568,3377,3307,3380,3377,3542,3542,3556,3632,3632,3628,2717,3267,3265,3503,3505,3676,3672,3287,3283,3362,3234,3234,3233,3230,3229,3235,3232,3232,3221,3219,3221,3216,3222,3221,3218,3222,3220,3218,3216,3216,3217,3218,3159,3162,3174,3263,3263,3258,3261,3256,1828,1826,1825,1824,235
PH126,6969,6972,6973,6967,6966,6556,7108,17236,17237,17249,17251,17252,17236,17235,17237,17240,17234,17226,17233,17222,17223,17222,17227,17226,17226,17228,17232,17218,17211,17230,17225,17213,17228,11727,12694,12088,12088,12722,10278,8141,3507,3508,3507,3511,3554,3550,3581,3633,3628,3628,3628,3568,3376,3306,3379,3377,3542,3541,3556,3632,3631,3628,2717,3267,3265,3503,3504,3675,3671,3287,3282,3362,3233,3233,3233,3229,3229,3235,3231,3232,3221,3219,3221,3216,3222,3221,3218,3221,3219,3218,3216,3216,3217,3218,3159,3162,3174,3262,3263,3258,3260,3256,1827,1826,1825,1824,235
PH127,6969,6972,6973,6969,6966,6555,7107,17243,17244,17237,17238,17236,17252,17244,17224,17226,17220,17212,17219,17226,17229,17227,17233,17233,17232,17233,17236,17221,17214,17236,17231,17216,17232,11733,12697,12086,12086,12728,10276,8140,3506,3507,3506,3510,3554,3550,3581,3632,3627,3627,3627,3567,3376,3305,3378,3376,3541,3540,3555,3631,3630,3628,2716,3267,3265,3503,3504,3674,3670,3287,3282,3362,3233,3233,3233,3229,3229,3235,3231,3232,3221,3219,3221,3216,3222,3221,3218,3221,3219,3218,3216,3216,3217,3218,3159,3162,3174,3262,3263,3258,3260,3256,1827,1826,1824,1824,235
PH143,6971,6974,6975,6971,6968,6556,7108,17246,17246,17239,17241,17235,17244,17255,17224,17226,17220,17214,17219,17226,17232,17229,17235,17235,17236,17236,17236,17221,17219,17239,17234,17216,17232,11732,12700,12086,12089,12730,10275,8140,3506,3507,3506,3510,3554,3550,3581,3632,3627,3627,3627,3567,3376,3305,3378,3376,3541,3540,3555,3631,3630,3628,2716,3267,3265,3503,3504,3674,3670,3287,3282,3362,3233,3233,3233,3229,3229,3235,3231,3232,3221,3219,3221,3216,3222,3221,3218,3221,3219,3218,3216,3216,3217,3218,3159,3162,3174,3261,3262,3257,3259,3255,1827,1826,1824,1824,235
PH48,6967,6970,6972,6965,6964,6556,7109,17229,17226,17242,17240,17237,17224,17224,17255,17251,17240,17228,17237,17225,17213,17210,17216,17218,17214,17236,17235,17229,17212,17219,17218,17214,17234,11718,12692,12098,12087,12730,10285,8139,3506,3509,3506,3506,3550,3549,3576,3628,3627,3627,3629,3563,3372,3306,3380,3372,3539,3545,3553,3630,3631,3626,2713,3267,3265,3498,3505,3672,3672,3283,3283,3358,3229,3229,3228,3229,3228,3230,3232,3228,3217,3215,3217,3215,3218,3217,3217,3218,3220,3218,3215,3215,3217,3217,3158,3161,3173,3259,3259,3258,3262,3256,1827,1825,1824,1823,235
PH55,6972,6975,6978,6968,6968,6557,7110,17231,17228,17243,17242,17240,17226,17226,17251,17268,17240,17228,17239,17228,17215,17212,17218,17220,17216,17246,17245,17235,17212,17221,17220,17215,17244,11721,12696,12100,12088,12737,10286,8141,3507,3510,3507,3507,3552,3552,3578,3629,3629,3629,3631,3565,3373,3307,3381,3373,3539,3545,3553,3632,3633,3628,2715,3267,3265,3501,3508,3673,3673,3285,3285,3359,3230,3230,3229,3230,3229,3231,3233,3229,3219,3217,3219,3217,3220,3219,3219,3220,3222,3220,3217,3217,3219,3219,3159,3162,3174,3259,3259,3258,3262,3256,1828,1826,1825,1824,235
PH6,6970,6973,6975,6967,6966,6558,7111,17225,17222,17238,17236,17234,17220,17220,17240,17240,17246,17228,17234,17222,17209,17206,17212,17214,17213,17225,17225,17218,17206,17216,17215,17212,17225,11721,12695,12094,12088,12727,10283,8142,3507,3510,3507,3507,3551,3550,3577,3629,3628,3628,3630,3564,3373,3307,3381,3373,3539,3544,3553,3632,3633,3628,2713,3267,3265,3499,3505,3673,3673,3283,3283,3358,3230,3230,3229,3230,3229,3231,3233,3229,3218,3216,3218,3216,3219,3218,3218,3219,3221,3219,3216,3216,3218,3218,3159,3162,3174,3259,3259,3258,3262,3256,1828,1826,1825,1824,235
PH59,6964,6967,6968,6962,6961,6555,7103,17217,17213,17229,17227,17226,17212,17214,17228,17228,17228,17233,17225,17218,17200,17198,17203,17206,17207,17214,17214,17206,17207,17208,17207,17202,17214,11718,12694,12093,12085,12720,10280,8134,3504,3505,3504,3504,3547,3547,3574,3626,3627,3627,3625,3563,3369,3303,3376,3372,3537,3540,3551,3629,3628,3625,2713,3265,3263,3499,3502,3669,3669,3281,3280,3356,3226,3226,3226,3226,3226,3228,3228,3226,3215,3215,3215,3215,3216,3215,3215,3215,3216,3215,3215,3215,3214,3215,3156,3159,3171,3256,3257,3256,3258,3256,1824,1823,1824,1823,235
PH54,6965,6968,6970,6963,6964,6557,7106,17224,17220,17236,17234,17233,17219,17219,17237,17239,17234,17225,17243,17219,17207,17205,17210,17213,17209,17221,17221,17214,17206,17215,17214,17210,17221,11717,12693,12090,12087,12720,10280,8139,3504,3505,3504,3504,3547,3547,3574,3626,3625,3625,3625,3561,3369,3303,3376,3370,3537,3540,3551,3629,3628,3625,2714,3265,3265,3500,3503,3669,3669,3282,3281,3356,3226,3226,3226,3226,3226,3228,3228,3226,3215,3213,3215,3213,3216,3215,3215,3215,3216,3215,3213,3213,3214,3215,3156,3159,3171,3256,3257,3256,3258,3256,1824,1823,1822,1821,235
PH38,6967,6970,6972,6965,6964,6552,7106,17229,17225,17225,17223,17222,17226,17226,17225,17228,17222,17218,17219,17251,17214,17212,17217,17218,17216,17229,17229,17223,17217,17222,17221,17216,17229,11726,12698,12095,12086,12732,10279,8134,3506,3508,3506,3506,3549,3549,3576,3628,3627,3627,3628,3563,3371,3305,3379,3372,3539,3543,3553,3631,3631,3627,2713,3266,3264,3499,3504,3671,3671,3283,3282,3358,3228,3228,3228,3228,3228,3230,3231,3228,3217,3215,3217,3215,3218,3217,3217,3217,3219,3218,3215,3215,3217,3217,3158,3161,3173,3258,3259,3258,3261,3256,1826,1825,1823,1823,235
PH125,6972,6975,6976,6969,6968,6555,7108,17231,17232,17228,17230,17223,17229,17232,17213,17215,17209,17200,17207,17214,17244,17233,17232,17228,17230,17233,17233,17218,17213,17235,17230,17212,17229,11735,12700,12089,12091,12733,10279,8140,3507,3509,3507,3511,3554,3550,3581,3633,3628,3628,3629,3566,3377,3304,3377,3377,3542,3542,3556,3632,3632,3628,2717,3267,3265,3503,3504,3676,3672,3287,3283,3362,3234,3234,3233,3230,3229,3234,3231,3232,3221,3219,3221,3215,3221,3221,3218,3222,3220,3218,3216,3216,3217,3218,3159,3162,3174,3263,3262,3258,3261,3255,1826,1823,1821,1821,235
PH135,6971,6974,6975,6969,6968,6556,7142,17228,17229,17225,17226,17222,17227,17229,17210,17212,17206,17198,17205,17212,17233,17352,17229,17226,17228,17229,17229,17215,17211,17232,17227,17210,17225,11733,12698,12086,12089,12731,10277,8139,3507,3508,3507,3511,3554,3551,3582,3633,3628,3628,3628,3568,3375,3303,3376,3377,3542,3541,3556,3631,3630,3627,2716,3266,3264,3503,3503,3675,3671,3288,3283,3363,3233,3233,3233,3229,3229,3234,3230,3232,3221,3219,3221,3215,3221,3221,3218,3221,3219,3218,3216,3216,3217,3218,3159,3162,3174,3263,3263,3259,3261,3256,1825,1823,1821,1821,235
PH114,6973,6976,6977,6970,6969,6556,7109,17234,17236,17232,17233,17227,17233,17235,17216,17218,17212,17203,17210,17217,17232,17229,17308,17287,17293,17295,17295,17280,17275,17246,17241,17225,17240,11734,12699,12086,12088,12730,10279,8140,3506,3508,3506,3510,3553,3556,3581,3632,3627,3627,3628,3567,3376,3305,3378,3376,3542,3542,3556,3632,3632,3628,2716,3267,3265,3503,3505,3676,3672,3287,3283,3361,3234,3234,3233,3230,3229,3235,3232,3232,3221,3219,3221,3215,3221,3221,3218,3222,3220,3218,3216,3216,3217,3218,3159,3162,3174,3262,3261,3257,3260,3255,1827,1826,1823,1823,235
PH144,6971,6974,6975,6971,6968,6556,7108,17240,17237,17230,17231,17226,17233,17235,17218,17220,17214,17206,17213,17218,17228,17226,17287,17327,17286,17291,17287,17276,17272,17243,17242,17224,17240,11728,12700,12085,12084,12730,10275,8135,3506,3507,3506,3506,3549,3559,3577,3628,3627,3627,3627,3563,3372,3304,3377,3372,3537,3540,3551,3631,3630,3628,2712,3267,3265,3499,3504,3670,3670,3283,3282,3358,3229,3229,3229,3229,3229,3231,3231,3229,3218,3216,3218,3215,3218,3218,3218,3218,3219,3218,3216,3216,3217,3218,3159,3162,3174,3258,3258,3258,3260,3256,1826,1826,1824,1823,235
PH139,6973,6976,6977,6971,6970,6557,7109,17233,17234,17230,17231,17226,17232,17236,17214,17216,17213,17207,17209,17216,17230,17228,17293,17286,17304,17298,17299,17284,17281,17245,17240,17222,17238,11735,12700,12088,12091,12733,10278,8140,3507,3508,3507,3511,3553,3557,3581,3633,3628,3628,3628,3568,3376,3305,3378,3377,3542,3541,3556,3632,3631,3628,2717,3267,3265,3503,3504,3675,3671,3287,3282,3362,3233,3233,3233,3229,3229,3235,3231,3232,3221,3219,3221,3215,3221,3221,3218,3221,3219,3218,3216,3216,3217,3218,3160,3162,3174,3262,3262,3258,3260,3256,1826,1826,1823,1823,235
PH34,6977,6980,6984,6973,6973,6560,7113,17239,17236,17236,17235,17228,17233,17236,17236,17246,17225,17214,17221,17229,17233,17229,17295,17291,17298,17337,17326,17305,17294,17247,17246,17233,17268,11732,12706,12103,12092,12755,10286,8142,3507,3510,3507,3507,3551,3559,3578,3629,3629,3629,3631,3565,3373,3306,3380,3373,3539,3545,3553,3633,3634,3629,2714,3268,3266,3500,3507,3673,3673,3284,3284,3359,3230,3230,3229,3230,3229,3231,3233,3229,3219,3217,3219,3216,3219,3219,3219,3220,3222,3220,3217,3217,3219,3219,3160,3162,3174,3259,3258,3258,3262,3256,1827,1826,1823,1823,235
PH40,6977,6980,6983,6973,6973,6560,7113,17235,17236,17236,17235,17232,17236,17236,17235,17245,17225,17214,17221,17229,17233,17229,17295,17287,17299,17326,17331,17306,17287,17247,17242,17233,17267,11735,12703,12103,12093,12749,10285,8146,3507,3510,3507,3511,3555,3559,3582,3633,3629,3629,3631,3569,3377,3306,3380,3377,3543,3545,3557,3632,3633,3628,2718,3268,3266,3504,3507,3677,3673,3288,3284,3363,3234,3234,3233,3230,3229,3235,3233,3232,3222,3220,3222,3216,3222,3222,3219,3223,3222,3220,3217,3217,3219,3219,3160,3162,3174,3263,3262,3258,3262,3256,1827,1826,1823,1823,235
PH37,6971,6974,6977,6969,6968,6556,7111,17224,17221,17221,17220,17218,17221,17221,17229,17235,17218,17206,17214,17223,17218,17215,17280,17276,17284,17305,17306,17306,17280,17232,17231,17227,17249,11724,12695,12095,12085,12736,10282,8137,3507,3510,3507,3507,3550,3557,3577,3629,3628,3628,3630,3564,3373,3306,3380,3373,3539,3545,3553,3631,3632,3627,2713,3266,3264,3498,3505,3673,3673,3283,3283,3358,3230,3230,3229,3230,3229,3231,3233,3229,3218,3216,3218,3215,3218,3218,3218,3219,3221,3219,3216,3216,3218,3218,3160,3162,3174,3259,3258,3258,3262,3256,1827,1826,1823,1823,235
PH32,6966,6969,6970,6965,6964,6554,7104,17220,17216,17216,17215,17211,17214,17219,17212,17212,17206,17207,17206,17217,17213,17211,17275,17272,17281,17294,17287,17280,17294,17229,17228,17220,17231,11722,12697,12089,12087,12728,10275,8132,3503,3504,3503,3503,3545,3553,3573,3625,3626,3626,3624,3562,3369,3302,3375,3372,3536,3539,3550,3629,3628,3625,2712,3265,3263,3498,3501,3668,3668,3281,3280,3356,3225,3225,3225,3225,3225,3227,3227,3225,3214,3214,3214,3213,3214,3214,3214,3214,3215,3214,3214,3214,3213,3214,3156,3158,3170,3256,3256,3256,3258,3256,1823,1823,1822,1822,235
PH119,6979,6977,6978,6972,6976,6557,7110,17238,17238,17234,17236,17230,17236,17239,17219,17221,17216,17208,17215,17222,17235,17232,17246,17243,17245,17247,17247,17232,17229,17279,17274,17237,17252,11735,12717,12089,12092,12733,10277,8140,3507,3508,3507,3511,3553,3550,3581,3633,3628,3628,3628,3573,3376,3305,3378,3377,3542,3541,3556,3632,3631,3628,2717,3267,3265,3503,3504,3675,3671,3287,3282,3362,3233,3233,3233,3229,3229,3235,3231,3232,3221,3219,3221,3215,3221,3221,3218,3221,3219,3218,3216,3216,3217,3218,3159,3162,3174,3262,3262,3258,3260,3256,1826,1826,1823,1823,235
PH136,6979,6977,6978,6972,6976,6557,7110,17237,17233,17229,17231,17225,17231,17234,17218,17220,17215,17207,17214,17221,17230,17227,17241,17242,17240,17246,17242,17231,17228,17274,17276,17236,17251,11730,12716,12088,12087,12732,10276,8136,3507,3508,3507,3507,3549,3550,3577,3629,3628,3628,3628,3569,3372,3305,3378,3373,3538,3541,3552,3632,3631,3628,2713,3267,3265,3499,3504,3671,3671,3283,3282,3358,3229,3229,3229,3229,3229,3231,3231,3229,3218,3216,3218,3215,3218,3218,3218,3218,3219,3218,3216,3216,3217,3218,3159,3162,3174,3258,3258,3258,3260,3256,1826,1826,1823,1823,235
PH31,6970,6973,6974,6969,6968,6554,7109,17219,17215,17215,17214,17213,17216,17216,17214,17215,17212,17202,17210,17216,17212,17210,17225,17224,17222,17233,17233,17227,17220,17237,17236,17244,17244,11725,12695,12085,12085,12725,10276,8138,3506,3507,3506,3506,3548,3549,3576,3628,3627,3627,3627,3563,3371,3304,3377,3372,3536,3539,3550,3630,3629,3626,2713,3267,3265,3498,3503,3670,3670,3283,3282,3358,3228,3228,3228,3228,3228,3230,3230,3228,3217,3215,3217,3214,3217,3217,3217,3217,3218,3217,3215,3215,3216,3217,3158,3161,3173,3258,3258,3258,3260,3256,1825,1825,1822,1822,235
PH36,6977,6980,6983,6973,6973,6559,7114,17235,17232,17232,17231,17228,17232,17232,17234,17244,17225,17214,17221,17229,17229,17225,17240,17240,17238,17268,17267,17249,17231,17252,17251,17244,17279,11731,12703,12102,12089,12748,10285,8142,3507,3510,3507,3507,3551,3552,3578,3629,3629,3629,3631,3565,3373,3306,3380,3373,3539,3545,3553,3632,3633,3628,2714,3268,3266,3500,3507,3673,3673,3284,3284,3359,3230,3230,3229,3230,3229,3231,3233,3229,3219,3217,3219,3216,3219,3219,3219,3220,3222,3220,3217,3217,3219,3219,3159,3162,3174,3259,3258,3258,3262,3256,1827,1826,1823,1823,235
PH110,6928,6931,6933,6923,6923,6663,7511,11729,11732,11728,11729,11727,11733,11732,11718,11721,11721,11718,11717,11726,11735,11733,11734,11728,11735,11732,11735,11724,11722,11735,11730,11725,11731,17021,12046,11491,11490,11799,9561,7812,3491,3493,3491,3495,3548,3543,3565,3708,3703,3703,3704,3651,3352,3275,3352,3352,3578,3578,3599,3752,3751,3750,2732,3283,3281,3478,3479,3643,3639,3282,3278,3414,3243,3242,3241,3238,3237,3242,3239,3264,3259,3257,3259,3253,3259,3259,3257,3261,3258,3256,3255,3255,3255,3256,3201,3204,3224,3365,3364,3360,3363,3357,1839,1836,1834,1834,240
PH122,7091,7078,7076,7077,7079,6724,7292,12701,12698,12700,12698,12694,12697,12700,12692,12696,12695,12694,12693,12698,12700,12698,12699,12700,12700,12706,12703,12695,12697,12717,12716,12695,12703,12046,17874,13962,13958,14250,10818,8182,3386,3387,3386,3386,3520,3522,3549,3568,3567,3567,3568,3523,3275,3206,3280,3277,3477,3480,3497,3582,3580,3579,2707,3209,3208,3453,3456,3628,3628,3165,3164,3296,3170,3170,3170,3170,3170,3171,3171,3178,3164,3162,3164,3161,3164,3164,3164,3164,3165,3164,3162,3162,3163,3164,3099,3103,3110,3215,3215,3215,3217,3213,1764,1762,1760,1760,224
PH26,6769,6773,6774,6769,6768,6362,7120,12087,12085,12092,12090,12088,12086,12086,12098,12100,12094,12093,12090,12095,12089,12086,12086,12085,12088,12103,12103,12095,12089,12089,12088,12085,12102,11491,13962,16523,16496,13108,10086,7646,3466,3470,3466,3466,3558,3558,3590,3699,3698,3698,3701,3651,3356,3287,3362,3356,3497,3503,3518,3739,3739,3736,2701,3314,3312,3870,3866,3594,3592,3253,3253,3336,3217,3217,3216,3217,3216,3217,3219,3239,3214,3212,3214,3211,3214,3214,3214,3215,3217,3215,3212,3212,3214,3214,3164,3168,3178,3300,3299,3299,3303,3296,1841,1838,1836,1836,221
PH27,6766,6770,6770,6768,6767,6356,7118,12086,12087,12094,12092,12088,12086,12089,12087,12088,12088,12085,12087,12086,12091,12089,12088,12084,12091,12092,12093,12085,12087,12092,12087,12085,12089,11490,13958,16496,16506,13099,10080,7648,3465,3467,3465,3469,3560,3557,3593,3703,3698,3698,3699,3655,3357,3284,3358,3358,3497,3496,3518,3737,3735,3734,2704,3311,3309,3871,3861,3593,3587,3257,3252,3337,3219,3219,3219,3215,3215,3220,3216,3241,3217,3215,3217,3211,3217,3217,3214,3217,3215,3214,3212,3212,3213,3214,3163,3167,3177,3302,3302,3298,3300,3295,1840,1838,1836,1836,221
PH33,6953,6955,6956,6947,6948,6525,7122,12731,12730,12730,12727,12722,12728,12730,12730,12737,12727,12720,12720,12732,12733,12731,12730,12730,12733,12755,12749,12736,12728,12733,12732,12725,12748,11799,14250,13108,13099,16993,10481,7983,3363,3366,3363,3363,3479,3479,3503,3518,3518,3518,3521,3464,3232,3161,3238,3232,3450,3456,3468,3563,3564,3563,2679,3211,3210,3396,3401,3546,3546,3109,3109,3236,3105,3105,3104,3105,3104,3105,3107,3110,3110,3108,3110,3107,3110,3110,3110,3111,3113,3111,3108,3108,3110,3110,3051,3055,3065,3163,3162,3162,3166,3160,1749,1746,1744,1744,236
PH8,7462,7461,7463,7457,7458,7144,7550,10276,10275,10284,10280,10278,10276,10275,10285,10286,10283,10280,10280,10279,10279,10277,10279,10275,10278,10286,10285,10282,10275,10277,10276,10276,10285,9561,10818,10086,10080,10481,17985,9406,3435,3438,3435,3435,3455,3455,3487,3660,3659,3659,3661,3596,3365,3286,3366,3363,3538,3542,3558,3601,3600,3599,2729,3268,3267,3504,3508,3742,3741,3249,3251,3362,3285,3285,3284,3286,3285,3284,3285,3300,3269,3267,3269,3266,3269,3269,3269,3270,3271,3269,3267,3267,3268,3269,3208,3211,3226,3264,3263,3264,3266,3261,1808,1805,1803,1803,225
PH49,5538,5538,5540,5533,5532,5334,5707,8136,8141,8146,8142,8141,8140,8140,8139,8141,8142,8134,8139,8134,8140,8139,8140,8135,8140,8142,8146,8137,8132,8140,8136,8138,8142,7812,8182,7646,7648,7983,9406,13760,3452,3455,3452,3456,3578,3574,3593,3663,3659,3659,3659,3616,3443,3355,3445,3447,3573,3573,3581,3644,3643,3640,2768,3369,3368,3504,3503,3651,3644,3292,3290,3478,3240,3240,3239,3236,3235,3239,3236,3242,3193,3192,3193,3187,3193,3193,3191,3195,3193,3190,3189,3189,3190,3190,3160,3163,3179,3387,3386,3382,3385,3380,1845,1842,1840,1840,220
PH108,3155,3156,3157,3154,3153,2958,3411,3506,3506,3507,3507,3507,3506,3506,3506,3507,3507,3504,3504,3506,3507,3507,3506,3506,3507,3507,3507,3507,3503,3507,3507,3506,3507,3491,3386,3466,3465,3363,3435,3452,7473,7462,7463,7463,3602,3602,3588,3553,3552,3552,3551,3498,3432,3352,3435,3434,3296,3298,3297,3546,3545,3544,2769,3287,3285,3452,3451,3418,3418,3370,3369,3675,3245,3245,3245,3245,3245,3245,3245,3249,3213,3211,3213,3210,3213,3213,3214,3213,3213,3213,3211,3211,3212,3213,3234,3236,3255,3498,3498,3498,3499,3495,1956,1956,1954,1954,265
PH7,3156,3157,3158,3154,3153,2959,3413,3507,3508,3509,3509,3508,3507,3507,3509,3510,3510,3505,3505,3508,3509,3508,3508,3507,3508,3510,3510,3510,3504,3508,3508,3507,3510,3493,3387,3470,3467,3366,3438,3455,7462,7477,7466,7462,3604,3603,3589,3555,3554,3554,3555,3500,3435,3355,3439,3436,3296,3300,3297,3546,3547,3544,2770,3287,3285,3454,3454,3421,3421,3370,3370,3676,3247,3247,3246,3247,3246,3246,3248,3250,3214,3212,3214,3211,3214,3214,3215,3215,3217,3215,3212,3212,3214,3214,3235,3238,3256,3499,3498,3498,3502,3495,1958,1957,1955,1955,265
PH22,3155,3156,3157,3154,3153,2958,3411,3506,3506,3507,3507,3507,3506,3506,3506,3507,3507,3504,3504,3506,3507,3507,3506,3506,3507,3507,3507,3507,3503,3507,3507,3506,3507,3491,3386,3466,3465,3363,3435,3452,7463,7466,7470,7463,3602,3602,3588,3553,3552,3552,3551,3498,3432,3352,3435,3434,3296,3298,3297,3546,3545,3544,2769,3287,3285,3452,3451,3418,3418,3370,3369,3675,3245,3245,3245,3245,3245,3245,3245,3249,3213,3211,3213,3210,3213,3213,3214,3213,3213,3213,3211,3211,3212,3213,3234,3236,3255,3498,3498,3498,3499,3495,1956,1956,1954,1954,265
PH128,3155,3156,3157,3154,3153,2958,3411,3506,3510,3511,3511,3511,3510,3510,3506,3507,3507,3504,3504,3506,3511,3511,3510,3506,3511,3507,3511,3507,3503,3511,3507,3506,3507,3495,3386,3466,3469,3363,3435,3456,7463,7462,7463,7470,3606,3602,3592,3557,3552,3552,3551,3502,3436,3352,3435,3438,3300,3298,3301,3546,3545,3544,2773,3287,3285,3456,3451,3422,3418,3374,3369,3679,3249,3249,3249,3245,3245,3249,3245,3252,3216,3214,3216,3210,3216,3216,3214,3216,3213,3213,3211,3211,3212,3213,3234,3236,3255,3502,3502,3498,3499,3495,1956,1956,1954,1954,265
PH132,3125,3123,3124,3119,3118,2781,3430,3550,3555,3555,3555,3554,3554,3554,3550,3552,3551,3547,3547,3549,3554,3554,3553,3549,3553,3551,3555,3550,3545,3553,3549,3548,3551,3548,3520,3558,3560,3479,3455,3578,3602,3604,3602,3606,7226,7212,6830,3581,3576,3576,3575,3566,3396,3364,3426,3423,3402,3400,3404,3442,3441,3443,2702,3564,3562,3731,3732,3508,3501,3526,3520,3461,3307,3307,3303,3300,3299,3306,3300,3292,3256,3254,3256,3251,3254,3256,3253,3257,3255,3253,3248,3248,3253,3253,3240,3247,3279,3372,3372,3364,3370,3361,1853,1852,1850,1850,209
PH3,3121,3119,3120,3115,3115,2780,3425,3550,3550,3550,3550,3550,3550,3550,3549,3552,3550,3547,3547,3549,3550,3551,3556,3559,3557,3559,3559,3557,3553,3550,3550,3549,3552,3543,3522,3558,3557,3479,3455,3574,3602,3603,3602,3602,7212,7342,6821,3577,3577,3577,3575,3563,3388,3362,3421,3419,3398,3399,3400,3442,3440,3443,2715,3563,3561,3728,3733,3500,3500,3521,3518,3456,3299,3299,3299,3299,3299,3299,3299,3286,3251,3249,3251,3248,3251,3251,3251,3251,3252,3251,3249,3249,3251,3251,3240,3244,3276,3362,3362,3362,3364,3359,1851,1851,1849,1849,209
PH99,3156,3154,3155,3152,3150,2837,3484,3577,3581,3581,3581,3581,3581,3581,3576,3578,3577,3574,3574,3576,3581,3582,3581,3577,3581,3578,3582,3577,3573,3581,3577,3576,3578,3565,3549,3590,3593,3503,3487,3593,3588,3589,3588,3592,6830,6821,7326,3584,3579,3579,3577,3565,3420,3387,3449,3448,3363,3360,3366,3450,3448,3449,2700,3603,3601,3798,3798,3464,3457,3502,3496,3473,3330,3330,3327,3323,3323,3330,3323,3321,3341,3339,3341,3335,3338,3341,3338,3341,3339,3338,3333,3333,3338,3338,3276,3283,3315,3380,3380,3373,3378,3370,1857,1857,1855,1855,212
PH100,3759,3761,3761,3757,3754,3453,4609,3628,3632,3633,3633,3633,3632,3632,3628,3629,3629,3626,3626,3628,3633,3633,3632,3628,3633,3629,3633,3629,3625,3633,3629,3628,3629,3708,3568,3699,3703,3518,3660,3663,3553,3555,3553,3557,3581,3577,3584,8631,8602,8604,8607,6922,4480,4439,4651,4655,3589,3586,3590,4876,4875,4873,3213,3519,3517,3633,3633,3578,3574,3587,3582,3584,3343,3343,3343,3339,3339,3343,3339,3348,3406,3404,3406,3400,3406,3406,3403,3406,3404,3403,3401,3401,3403,3403,3372,3375,3402,3504,3504,3501,3502,3497,1996,1996,1994,1994,254
PH21,3759,3761,3761,3756,3754,3452,4605,3627,3627,3628,3628,3628,3627,3627,3627,3629,3628,3627,3625,3627,3628,3628,3627,3627,3628,3629,3629,3628,3626,3628,3628,3627,3629,3703,3567,3698,3698,3518,3659,3659,3552,3554,3552,3552,3576,3577,3579,8602,8623,8615,8615,6917,4473,4436,4648,4650,3584,3585,3585,4871,4870,4868,3211,3519,3517,3630,3632,3573,3573,3583,3582,3580,3338,3338,3338,3338,3338,3338,3338,3344,3403,3403,3403,3402,3403,3403,3403,3403,3404,3403,3403,3403,3403,3403,3371,3374,3401,3499,3499,3500,3501,3498,1995,1995,1995,1995,254
PH4,3761,3763,3763,3758,3756,3452,4609,3627,3627,3628,3628,3628,3627,3627,3627,3629,3628,3627,3625,3627,3628,3628,3627,3627,3628,3629,3629,3628,3626,3628,3628,3627,3629,3703,3567,3698,3698,3518,3659,3659,3552,3554,3552,3552,3576,3577,3579,8604,8615,8629,8618,6922,4473,4434,4644,4647,3584,3585,3585,4875,4875,4872,3211,3519,3517,3630,3632,3573,3573,3583,3582,3580,3338,3338,3338,3338,3338,3338,3338,3344,3403,3403,3403,3402,3403,3403,3403,3403,3404,3403,3403,3403,3403,3403,3371,3374,3401,3499,3499,3500,3502,3498,1995,1995,1995,1995,254
PH56,3765,3767,3767,3761,3759,3456,4614,3627,3628,3629,3629,3628,3627,3627,3629,3631,3630,3625,3625,3628,3629,3628,3628,3627,3628,3631,3631,3630,3624,3628,3628,3627,3631,3704,3568,3701,3699,3521,3661,3659,3551,3555,3551,3551,3575,3575,3577,8607,8615,8618,8634,6918,4474,4437,4651,4648,3582,3585,3583,4876,4878,4873,3207,3519,3517,3627,3632,3574,3574,3585,3585,3578,3339,3339,3338,3339,3338,3338,3340,3344,3405,3403,3405,3402,3405,3405,3405,3406,3408,3406,3403,3403,3406,3405,3373,3376,3403,3498,3497,3498,3502,3494,1998,1997,1995,1995,254
PH50,3725,3722,3722,3717,3720,3536,4352,3563,3567,3568,3568,3568,3567,3567,3563,3565,3564,3563,3561,3563,3566,3568,3567,3563,3568,3565,3569,3564,3562,3573,3569,3563,3565,3651,3523,3651,3655,3464,3596,3616,3498,3500,3498,3502,3566,3563,3565,6922,6917,6922,6918,8518,3933,3725,3935,3939,3586,3583,3584,4666,4665,4664,3341,3455,3453,3587,3585,3524,3520,3431,3426,3463,3299,3299,3299,3295,3296,3299,3295,3288,3316,3316,3316,3312,3316,3316,3313,3316,3314,3313,3313,3313,3313,3313,3287,3290,3317,3456,3456,3453,3455,3450,1992,1992,1992,1992,258
PH138,3081,3082,3083,3080,3077,2748,3283,3372,3377,3377,3377,3376,3376,3376,3372,3373,3373,3369,3369,3371,3377,3375,3376,3372,3376,3373,3377,3373,3369,3376,3372,3371,3373,3352,3275,3356,3357,3232,3365,3443,3432,3435,3432,3436,3396,3388,3420,4480,4473,4473,4474,3933,7097,6702,6917,6911,3438,3437,3443,4038,4037,4035,2817,3491,3489,3429,3429,3527,3518,3776,3772,3441,3279,3279,3275,3272,3271,3278,3272,3266,3257,3255,3257,3251,3254,3257,3254,3258,3256,3254,3249,3249,3253,3254,3230,3236,3248,3354,3353,3347,3352,3343,1905,1904,1902,1902,226
PH18,3019,3016,3017,3013,3011,2672,3219,3305,3306,3307,3307,3306,3305,3305,3306,3307,3307,3303,3303,3305,3304,3303,3305,3304,3305,3306,3306,3306,3302,3305,3305,3304,3306,3275,3206,3287,3284,3161,3286,3355,3352,3355,3352,3352,3364,3362,3387,4439,4436,4434,4437,3725,6702,7011,7009,6912,3348,3351,3353,3958,3957,3951,2728,3419,3417,3344,3348,3469,3467,3712,3712,3360,3193,3193,3192,3193,3192,3193,3194,3182,3176,3174,3176,3174,3177,3176,3176,3177,3178,3176,3174,3174,3175,3176,3151,3154,3166,3263,3263,3263,3265,3259,1890,1890,1888,1888,226
PH35,3084,3081,3082,3078,3076,2750,3287,3378,3379,3380,3380,3379,3378,3378,3380,3381,3381,3376,3376,3379,3377,3376,3378,3377,3378,3380,3380,3380,3375,3378,3378,3377,3380,3352,3280,3362,3358,3238,3366,3445,3435,3439,3435,3435,3426,3421,3449,4651,4648,4644,4651,3935,6917,7009,7232,7127,3437,3441,3442,4043,4043,4036,2818,3492,3490,3428,3432,3558,3553,3778,3778,3439,3276,3276,3272,3273,3272,3276,3275,3264,3255,3253,3255,3253,3253,3255,3255,3256,3258,3256,3250,3250,3255,3255,3231,3237,3249,3352,3352,3349,3355,3345,1906,1906,1904,1904,226
PH23,3076,3073,3074,3071,3069,2748,3279,3372,3376,3377,3377,3377,3376,3376,3372,3373,3373,3372,3370,3372,3377,3377,3376,3372,3377,3373,3377,3373,3372,3377,3373,3372,3373,3352,3277,3356,3358,3232,3363,3447,3434,3436,3434,3438,3423,3419,3448,4655,4650,4647,4648,3939,6911,6912,7127,7210,3437,3435,3442,4038,4036,4031,2818,3491,3489,3432,3428,3554,3550,3776,3771,3440,3274,3274,3274,3270,3270,3274,3270,3262,3253,3253,3253,3249,3253,3253,3250,3253,3251,3250,3250,3250,3249,3250,3229,3232,3244,3349,3349,3346,3347,3344,1902,1902,1902,1902,226
PH104,4101,4102,4101,4098,4097,4557,4367,3537,3541,3542,3542,3542,3541,3541,3539,3539,3539,3537,3537,3539,3542,3542,3542,3537,3542,3539,3543,3539,3536,3542,3538,3536,3539,3578,3477,3497,3497,3450,3538,3573,3296,3296,3296,3300,3402,3398,3363,3589,3584,3584,3582,3586,3438,3348,3437,3437,9215,9201,9048,3534,3533,3532,2811,3453,3451,3375,3374,3880,3872,3601,3597,3505,3294,3294,3294,3290,3290,3294,3290,3358,3356,3354,3356,3350,3356,3356,3353,3356,3353,3353,3351,3351,3352,3353,3333,3335,3366,3435,3435,3431,3432,3428,1963,1962,1961,1961,235
PH1,4101,4102,4103,4097,4096,4557,4371,3540,3541,3542,3542,3541,3540,3540,3545,3545,3544,3540,3540,3543,3542,3541,3542,3540,3541,3545,3545,3545,3539,3541,3541,3539,3545,3578,3480,3503,3496,3456,3542,3573,3298,3300,3298,3298,3400,3399,3360,3586,3585,3585,3585,3583,3437,3351,3441,3435,9201,9225,9047,3535,3536,3533,2808,3454,3452,3372,3377,3877,3873,3599,3599,3502,3292,3292,3291,3292,3291,3291,3293,3356,3355,3353,3355,3352,3355,3355,3355,3356,3357,3356,3353,3353,3355,3355,3335,3337,3368,3433,3432,3432,3435,3429,1964,1962,1961,1961,235
PH112,4109,4110,4110,4106,4105,4569,4387,3551,3555,3556,3556,3556,3555,3555,3553,3553,3553,3551,3551,3553,3556,3556,3556,3551,3556,3553,3557,3553,3550,3556,3552,3550,3553,3599,3497,3518,3518,3468,3558,3581,3297,3297,3297,3301,3404,3400,3366,3590,3585,3585,3583,3584,3443,3353,3442,3442,9048,9047,9253,3516,3515,3514,2804,3462,3460,3369,3368,3872,3864,3589,3584,3488,3281,3281,3281,3277,3277,3281,3277,3344,3347,3345,3347,3341,3347,3347,3344,3347,3344,3344,3342,3342,3343,3344,3323,3325,3357,3414,3414,3410,3411,3407,1956,1955,1954,1954,229
PH129,3689,3691,3693,3687,3683,3578,4446,3631,3631,3632,3632,3632,3631,3631,3630,3632,3632,3629,3629,3631,3632,3631,3632,3631,3632,3633,3632,3631,3629,3632,3632,3630,3632,3752,3582,3739,3737,3563,3601,3644,3546,3546,3546,3546,3442,3442,3450,4876,4871,4875,4876,4666,4038,3958,4043,4038,3534,3535,3516,8596,8573,8561,2733,3471,3469,3508,3510,3481,3479,3361,3360,3419,3361,3361,3361,3361,3361,3361,3361,3354,3343,3341,3343,3340,3343,3343,3343,3343,3343,3343,3341,3341,3342,3344,3341,3343,3364,3335,3335,3335,3336,3331,1951,1951,1949,1949,219
PH58,3688,3690,3692,3685,3681,3576,4446,3630,3631,3632,3632,3631,3630,3630,3631,3633,3633,3628,3628,3631,3632,3630,3632,3630,3631,3634,3633,3632,3628,3631,3631,3629,3633,3751,3580,3739,3735,3564,3600,3643,3545,3547,3545,3545,3441,3440,3448,4875,4870,4875,4878,4665,4037,3957,4043,4036,3533,3536,3515,8573,8607,8555,2733,3472,3470,3508,3512,3481,3479,3361,3361,3417,3360,3360,3359,3360,3359,3359,3361,3352,3341,3339,3341,3338,3341,3341,3341,3342,3344,3342,3339,3339,3341,3342,3339,3342,3362,3333,3332,3332,3336,3329,1952,1951,1949,1949,219
PH145,3686,3688,3690,3685,3680,3576,4443,3628,3628,3628,3628,3628,3628,3628,3626,3628,3628,3625,3625,3627,3628,3627,3628,3628,3628,3629,3628,3627,3625,3628,3628,3626,3628,3750,3579,3736,3734,3563,3599,3640,3544,3544,3544,3544,3443,3443,3449,4873,4868,4872,4873,4664,4035,3951,4036,4031,3532,3533,3514,8561,8555,8633,2728,3468,3466,3503,3505,3480,3478,3358,3357,3417,3357,3357,3357,3357,3357,3357,3357,3352,3341,3339,3341,3338,3341,3341,3341,3341,3341,3341,3339,3339,3340,3342,3339,3341,3362,3336,3336,3336,3337,3332,1951,1951,1949,1949,219
PH121,2644,2646,2646,2642,2643,2731,2715,2712,2716,2717,2717,2717,2716,2716,2713,2715,2713,2713,2714,2713,2717,2716,2716,2712,2717,2714,2718,2713,2712,2717,2713,2713,2714,2732,2707,2701,2704,2679,2729,2768,2769,2770,2769,2773,2702,2715,2700,3213,3211,3211,3207,3341,2817,2728,2818,2818,2811,2808,2804,2733,2733,2728,6984,2793,2793,2896,2892,2808,2795,2807,2803,2834,2730,2730,2727,2723,2723,2730,2723,2753,2739,2739,2739,2735,2736,2739,2736,2739,2737,2736,2733,2733,2736,2735,2729,2735,2749,2778,2778,2770,2775,2771,1348,1347,1347,1347,290
PH137,3020,3021,3022,3020,3019,2683,3239,3267,3267,3267,3267,3267,3267,3267,3267,3267,3267,3265,3265,3266,3267,3266,3267,3267,3267,3268,3268,3266,3265,3267,3267,3267,3268,3283,3209,3314,3311,3211,3268,3369,3287,3287,3287,3287,3564,3563,3603,3519,3519,3519,3519,3455,3491,3419,3492,3491,3453,3454,3462,3471,3472,3468,2793,7166,7150,4080,4083,3411,3411,3573,3572,3640,3291,3291,3291,3291,3291,3291,3291,3276,3284,3282,3284,3281,3284,3284,3284,3284,3284,3284,3282,3282,3283,3284,3255,3258,3285,3292,3292,3292,3293,3289,1863,1863,1861,1861,234
PH13,3017,3018,3019,3017,3018,2683,3237,3265,3265,3265,3265,3265,3265,3265,3265,3265,3265,3263,3265,3264,3265,3264,3265,3265,3265,3266,3266,3264,3263,3265,3265,3265,3266,3281,3208,3312,3309,3210,3267,3368,3285,3285,3285,3285,3562,3561,3601,3517,3517,3517,3517,3453,3489,3417,3490,3489,3451,3452,3460,3469,3470,3466,2793,7150,7165,4080,4081,3409,3409,3571,3570,3638,3289,3289,3289,3289,3289,3289,3289,3274,3282,3280,3282,3279,3282,3282,3282,3282,3282,3282,3280,3280,3281,3282,3253,3256,3283,3290,3290,3290,3291,3289,1862,1861,1859,1859,234
PH15,3195,3196,3197,3193,3194,2833,3405,3499,3504,3503,3503,3503,3503,3503,3498,3501,3499,3499,3500,3499,3503,3503,3503,3499,3503,3500,3504,3498,3498,3503,3499,3498,3500,3478,3453,3870,3871,3396,3504,3504,3452,3454,3452,3456,3731,3728,3798,3633,3630,3630,3627,3587,3429,3344,3428,3432,3375,3372,3369,3508,3508,3503,2896,4080,4080,7689,7656,3483,3480,3523,3519,3537,3248,3248,3248,3244,3244,3248,3244,3243,3229,3229,3229,3225,3229,3229,3226,3229,3227,3226,3226,3226,3225,3226,3200,3204,3239,3359,3359,3355,3357,3356,1881,1881,1881,1881,212
PH9,3198,3199,3200,3195,3194,2833,3410,3504,3506,3505,3505,3504,3504,3504,3505,3508,3505,3502,3503,3504,3504,3503,3505,3504,3504,3507,3507,3505,3501,3504,3504,3503,3507,3479,3456,3866,3861,3401,3508,3503,3451,3454,3451,3451,3732,3733,3798,3633,3632,3632,3632,3585,3429,3348,3432,3428,3374,3377,3368,3510,3512,3505,2892,4083,4081,7656,7678,3484,3485,3522,3523,3535,3249,3249,3248,3249,3248,3248,3249,3244,3230,3228,3230,3227,3230,3230,3230,3231,3233,3230,3228,3228,3229,3230,3204,3209,3243,3360,3359,3359,3362,3357,1887,1886,1884,1884,212
PH115,4588,4586,4585,4578,4581,5252,4648,3670,3675,3676,3676,3675,3674,3674,3672,3673,3673,3669,3669,3671,3676,3675,3676,3670,3675,3673,3677,3673,3668,3675,3671,3670,3673,3643,3628,3594,3593,3546,3742,3651,3418,3421,3418,3422,3508,3500,3464,3578,3573,3573,3574,3524,3527,3469,3558,3554,3880,3877,3872,3481,3481,3480,2808,3411,3409,3483,3484,10227,10211,4028,4026,3485,4479,4479,4475,4472,4471,4478,4472,4194,3477,3475,3477,3471,3474,3477,3474,3479,3476,3474,3469,3469,3473,3475,3424,3431,3448,3391,3390,3384,3389,3381,1925,1923,1921,1921,232
PH11,4584,4582,4581,4574,4577,5244,4641,3670,3671,3672,3672,3671,3670,3670,3672,3673,3673,3669,3669,3671,3672,3671,3672,3670,3671,3673,3673,3673,3668,3671,3671,3670,3673,3639,3628,3592,3587,3546,3741,3644,3418,3421,3418,3418,3501,3500,3457,3574,3573,3573,3574,3520,3518,3467,3553,3550,3872,3873,3864,3479,3479,3478,2795,3411,3409,3480,3485,10211,10214,4019,4021,3480,4473,4473,4472,4473,4472,4472,4473,4189,3472,3470,3472,3469,3472,3472,3472,3474,3474,3472,3470,3470,3471,3473,3425,3429,3446,3385,3384,3385,3387,3382,1926,1924,1922,1922,232
PH116,3014,3015,3016,3010,3010,2673,3396,3283,3287,3287,3287,3287,3287,3287,3283,3285,3283,3281,3282,3283,3287,3288,3287,3283,3287,3284,3288,3283,3281,3287,3283,3283,3284,3282,3165,3253,3257,3109,3249,3292,3370,3370,3370,3374,3526,3521,3502,3587,3583,3583,3585,3431,3776,3712,3778,3776,3601,3599,3589,3361,3361,3358,2807,3573,3571,3523,3522,4028,4019,7064,7039,3951,3410,3410,3410,3406,3406,3410,3406,3385,3395,3393,3395,3389,3395,3395,3392,3395,3392,3392,3390,3390,3391,3392,3363,3366,3369,3372,3372,3368,3369,3365,1934,1934,1932,1932,223
PH140,3010,3011,3012,3007,3005,2672,3395,3282,3283,3283,3283,3282,3282,3282,3283,3285,3283,3280,3281,3282,3283,3283,3283,3282,3282,3284,3284,3283,3280,3282,3282,3282,3284,3278,3164,3253,3252,3109,3251,3290,3369,3370,3369,3369,3520,3518,3496,3582,3582,3582,3585,3426,3772,3712,3778,3771,3597,3599,3584,3360,3361,3357,2803,3572,3570,3519,3523,4026,4021,7039,7062,3947,3407,3407,3406,3407,3406,3406,3407,3382,3390,3388,3390,3387,3390,3390,3390,3391,3391,3390,3388,3388,3389,3390,3362,3365,3368,3369,3368,3369,3370,3365,1935,1934,1932,1932,223
