,PH130,PH133,PH2,PH25,PH14,PH117,PH51,PH102,PH120,PH123,PH124,PH126,PH127,PH143,PH48,PH55,PH6,PH59,PH54,PH38,PH125,PH135,PH114,PH144,PH139,PH34,PH40,PH37,PH32,PH119,PH136,PH31,PH36,PH110,PH122,PH26,PH27,PH33,PH8,PH49,PH108,PH7,PH22,PH128,PH132,PH3,PH99,PH100,PH21,PH4,PH56,PH50,PH138,PH18,PH35,PH23,PH104,PH1,PH112,PH129,PH58,PH145,PH121,PH137,PH13,PH15,PH9,PH115,PH11,PH116,PH140,PH24,PH101,PH107,PH43,PH42,PH60,PH16,PH57,PH118,PH103,PH28,PH105,PH61,PH63,PH109,PH97,PH141,PH41,PH46,PH17,PH30,PH44,PH29,PH45,PH47,PH111,PH106,PH113,PH19,PH39,PH52,PH131,PH134,PH62,PH20,PH5
PH130,79674,79470,79480,79416,79447,16177,15523,6794,6794,6794,6794,6792,6792,6794,6790,6795,6793,6787,6788,6790,6795,6794,6796,6794,6796,6800,6800,6794,6789,6802,6802,6793,6800,6751,6932,6611,6608,6791,7254,5436,3156,3157,3156,3156,3177,3173,3204,3714,3714,3716,3720,3678,3110,3047,3111,3104,4065,4065,4079,3691,3691,3688,2646,3060,3057,3254,3257,4515,4511,3064,3060,3095,3257,3257,3254,3255,3254,3257,3256,3357,3259,3257,3258,3257,3257,3260,3258,3260,3259,3258,3255,3255,3258,3258,3154,3157,3176,3134,3133,3131,3135,3131,1676,1673,1671,1671,16
PH133,79470,79580,79537,79438,79466,16170,15522,6796,6796,6796,6796,6794,6794,6796,6792,6797,6795,6789,6790,6792,6797,6796,6798,6796,6798,6802,6802,6796,6791,6799,6799,6795,6802,6753,6918,6614,6611,6792,7252,5435,3156,3157,3156,3156,3174,3170,3201,3715,3715,3717,3721,3674,3110,3043,3107,3100,4065,4065,4079,3692,3692,3689,2647,3060,3057,3254,3257,4512,4508,3064,3060,3095,3257,3257,3254,3255,3254,3257,3256,3357,3259,3257,3258,3257,3257,3260,3258,3260,3259,3258,3255,3255,3258,3258,3154,3157,3176,3134,3133,3131,3135,3131,1677,1674,1672,1672,16
PH2,79480,79537,79691,79482,79515,16179,15540,6796,6796,6796,6796,6794,6794,6796,6793,6799,6796,6789,6791,6793,6797,6796,6798,6796,6798,6805,6804,6798,6791,6799,6799,6795,6804,6754,6916,6615,6611,6793,7254,5437,3157,3158,3157,3157,3175,3171,3202,3715,3715,3717,3721,3674,3111,3044,3108,3101,4064,4066,4079,3694,3694,3691,2647,3061,3058,3255,3258,4511,4507,3065,3061,3095,3257,3257,3254,3255,3254,3257,3256,3358,3260,3258,3259,3258,3258,3261,3259,3261,3261,3259,3256,3256,3260,3259,3155,3159,3177,3135,3134,3132,3137,3132,1677,1674,1672,1672,16
PH25,79416,79438,79482,79587,79497,16168,15516,6794,6793,6791,6791,6790,6792,6794,6788,6791,6790,6785,6786,6788,6792,6792,6793,6794,6794,6796,6796,6792,6788,6795,6795,6792,6796,6746,6918,6611,6610,6785,7249,5431,3155,3155,3155,3155,3171,3167,3200,3712,3711,3713,3716,3670,3109,3041,3105,3099,4063,4062,4077,3689,3688,3687,2644,3060,3057,3252,3254,4505,4501,3060,3057,3094,3256,3256,3254,3254,3254,3257,3255,3357,3257,3255,3256,3255,3255,3258,3256,3257,3256,3256,3253,3253,3256,3256,3154,3157,3176,3132,3132,3130,3133,3130,1676,1674,1672,1672,16
PH14,79447,79466,79515,79497,79579,16165,15516,6791,6790,6790,6790,6789,6789,6791,6787,6791,6789,6784,6787,6787,6791,6791,6792,6791,6793,6796,6796,6791,6787,6799,6799,6791,6796,6746,6920,6610,6609,6786,7250,5430,3154,3154,3154,3154,3170,3167,3198,3709,3709,3711,3714,3673,3106,3039,3103,3097,4061,4060,4075,3685,3684,3682,2645,3059,3058,3253,3253,4508,4504,3060,3055,3092,3254,3254,3252,3252,3252,3255,3253,3356,3257,3255,3256,3255,3255,3258,3256,3257,3257,3256,3253,3253,3257,3256,3152,3156,3174,3130,3130,3128,3131,3130,1673,1671,1669,1669,16
PH117,16177,16170,16179,16168,16165,38028,16067,6354,6353,6355,6354,6354,6353,6354,6354,6355,6356,6353,6355,6350,6353,6354,6354,6354,6355,6358,6358,6354,6352,6355,6355,6352,6357,6458,6529,6194,6188,6334,6904,5202,2928,2929,2928,2928,2819,2818,2872,3407,3406,3406,3410,3488,2769,2693,2769,2768,4456,4456,4474,3556,3555,3554,2687,2714,2714,2890,2890,5094,5086,2707,2706,2774,3142,3141,3139,3139,3139,3144,3142,3292,3018,3018,3018,3018,3017,3018,3018,3019,3018,3018,3016,3016,3017,3018,2865,2867,2871,2723,2723,2722,2725,2722,1290,1289,1288,1288,21
PH51,15523,15522,15540,15516,15516,16067,30969,6865,6865,6866,6866,6865,6864,6865,6866,6867,6868,6860,6863,6863,6865,6899,6866,6865,6866,6870,6870,6868,6861,6867,6867,6866,6871,7242,7059,6891,6889,6893,7285,5555,3361,3364,3361,3361,3434,3429,3486,4493,4489,4493,4498,4256,3281,3216,3283,3276,4313,4317,4338,4383,4384,4381,2690,3251,3249,3435,3440,4547,4541,3398,3397,3350,3348,3348,3345,3346,3345,3350,3350,3433,3360,3358,3360,3357,3358,3360,3360,3362,3363,3361,3357,3357,3363,3360,3253,3257,3262,3251,3250,3249,3253,3245,1747,1744,1742,1741,17
PH102,6794,6796,6796,6794,6791,6354,6865,16398,16390,16376,16378,16373,16379,16383,16365,16368,16363,16355,16361,16366,16367,16364,16370,16376,16370,16375,16372,16361,16357,16374,16373,16356,16372,11167,12104,11515,11514,12129,9811,7792,3423,3425,3423,3423,3511,3511,3535,3537,3536,3536,3535,3473,3330,3263,3334,3329,3491,3494,3510,3580,3579,3578,2654,3226,3224,3482,3487,3607,3607,3263,3262,3346,3184,3184,3184,3184,3184,3186,3186,3187,3184,3182,3184,3182,3185,3184,3184,3184,3185,3184,3182,3182,3183,3184,3122,3124,3138,3239,3240,3239,3241,3237,1707,1707,1705,1704,20
PH120,6794,6796,6796,6793,6790,6353,6865,16390,16399,16377,16378,16373,16379,16382,16362,16365,16360,16351,16357,16362,16367,16364,16371,16373,16370,16372,16372,16358,16353,16373,16369,16352,16369,11169,12101,11513,11514,12128,9810,7796,3423,3426,3423,3426,3515,3511,3538,3540,3536,3536,3536,3476,3334,3264,3335,3332,3494,3495,3513,3580,3580,3578,2657,3226,3224,3486,3489,3611,3608,3266,3263,3349,3188,3188,3187,3185,3184,3189,3187,3189,3186,3184,3186,3182,3187,3186,3184,3187,3186,3184,3182,3182,3183,3184,3122,3124,3138,3243,3243,3239,3242,3237,1708,1707,1705,1704,20
PH123,6794,6796,6796,6791,6790,6355,6866,16376,16377,16394,16389,16384,16372,16375,16377,16379,16375,16366,16372,16361,16362,16359,16366,16366,16365,16371,16371,16357,16352,16368,16364,16351,16368,11164,12103,11519,11520,12127,9818,7801,3424,3427,3424,3427,3515,3511,3538,3541,3537,3537,3537,3477,3334,3265,3336,3333,3495,3496,3514,3581,3581,3578,2658,3226,3224,3485,3488,3612,3609,3266,3263,3349,3188,3188,3187,3185,3184,3189,3187,3189,3186,3184,3186,3182,3187,3186,3184,3187,3186,3184,3182,3182,3183,3184,3122,3124,3138,3243,3243,3239,3242,3237,1708,1707,1705,1704,20
PH124,6794,6796,6796,6791,6790,6354,6866,16378,16378,16389,16392,16386,16373,16377,16375,16378,16373,16364,16370,16359,16364,16360,16367,16367,16366,16370,16370,16356,16351,16370,16366,16350,16367,11165,12101,11517,11518,12124,9814,7797,3424,3427,3424,3427,3515,3511,3538,3541,3537,3537,3537,3477,3334,3265,3336,3333,3495,3496,3514,3581,3581,3578,2658,3226,3224,3485,3488,3612,3609,3266,3263,3349,3188,3188,3187,3185,3184,3189,3187,3189,3186,3184,3186,3182,3187,3186,3184,3187,3186,3184,3182,3182,3183,3184,3122,3124,3138,3243,3243,3239,3242,3237,1708,1707,1705,1704,20
PH126,6792,6794,6794,6790,6789,6354,6865,16373,16373,16384,16386,16387,16372,16372,16373,16376,16371,16363,16369,16358,16358,16357,16362,16363,16362,16364,16367,16354,16347,16365,16361,16349,16364,11164,12097,11515,11514,12120,9813,7796,3424,3426,3424,3427,3514,3511,3538,3541,3537,3537,3536,3477,3333,3264,3335,3333,3495,3495,3514,3581,3580,3578,2658,3226,3224,3485,3487,3611,3608,3266,3262,3349,3187,3187,3187,3184,3184,3189,3186,3189,3186,3184,3186,3182,3187,3186,3184,3186,3185,3184,3182,3182,3183,3184,3122,3124,3138,3242,3243,3239,3241,3237,1707,1707,1705,1704,20
PH127,6792,6794,6794,6792,6789,6353,6864,16379,16379,16372,16373,16372,16387,16380,16360,16363,16358,16350,16356,16363,16364,16362,16368,16369,16368,16369,16372,16358,16351,16371,16367,16353,16369,11170,12100,11514,11513,12126,9811,7795,3423,3425,3423,3426,3514,3511,3538,3540,3536,3536,3535,3476,3333,3263,3334,3332,3494,3494,3513,3580,3579,3578,2657,3226,3224,3485,3487,3610,3607,3266,3262,3349,3187,3187,3187,3184,3184,3189,3186,3189,3186,3184,3186,3182,3187,3186,3184,3186,3185,3184,3182,3182,3183,3184,3122,3124,3138,3242,3243,3239,3241,3237,1707,1707,1704,1704,20
PH143,6794,6796,6796,6794,6791,6354,6865,16383,16382,16375,16377,16372,16380,16391,16361,16364,16359,16353,16357,16364,16368,16365,16371,16372,16373,16373,16373,16359,16357,16375,16371,16354,16370,11170,12104,11515,11517,12129,9811,7795,3423,3425,3423,3426,3514,3511,3538,3540,3536,3536,3535,3476,3333,3263,3334,3332,3494,3494,3513,3580,3579,3578,2657,3226,3224,3485,3487,3610,3607,3266,3262,3349,3187,3187,3187,3184,3184,3189,3186,3189,3186,3184,3186,3182,3187,3186,3184,3186,3185,3184,3182,3182,3183,3184,3122,3124,3138,3242,3243,3239,3241,3237,1707,1707,1704,1704,20
PH48,6790,6792,6793,6788,6787,6354,6866,16365,16362,16377,16375,16373,16360,16361,16390,16387,16377,16365,16373,16361,16348,16345,16351,16354,16350,16371,16371,16365,16348,16354,16353,16350,16370,11155,12095,11525,11514,12127,9819,7795,3423,3427,3423,3423,3511,3510,3534,3537,3536,3536,3537,3473,3330,3264,3336,3329,3493,3499,3512,3579,3580,3576,2655,3226,3224,3481,3488,3609,3609,3263,3263,3346,3184,3184,3183,3184,3183,3185,3187,3186,3183,3181,3183,3181,3184,3183,3183,3184,3186,3184,3181,3181,3183,3183,3121,3123,3137,3240,3240,3239,3243,3237,1707,1706,1704,1703,20
PH55,6795,6797,6799,6791,6791,6355,6867,16368,16365,16379,16378,16376,16363,16364,16387,16404,16377,16365,16375,16364,16351,16348,16354,16357,16353,16382,16381,16371,16348,16357,16356,16351,16380,11159,12099,11527,11515,12135,9821,7797,3424,3428,3424,3424,3513,3513,3536,3538,3538,3538,3539,3475,3331,3265,3337,3330,3493,3499,3512,3581,3582,3578,2657,3226,3224,3484,3491,3610,3610,3265,3265,3347,3185,3185,3184,3185,3184,3186,3188,3187,3185,3183,3185,3183,3186,3185,3185,3186,3188,3186,3183,3183,3185,3185,3122,3124,3138,3240,3240,3239,3243,3237,1708,1707,1705,1704,20
PH6,6793,6795,6796,6790,6789,6356,6868,16363,16360,16375,16373,16371,16358,16359,16377,16377,16383,16365,16371,16359,16346,16343,16349,16352,16350,16362,16362,16355,16343,16353,16352,16349,16362,11159,12098,11521,11515,12125,9818,7798,3424,3428,3424,3424,3512,3511,3535,3538,3537,3537,3538,3474,3331,3265,3337,3330,3493,3498,3512,3581,3582,3578,2655,3226,3224,3482,3488,3610,3610,3263,3263,3346,3185,3185,3184,3185,3184,3186,3188,3187,3184,3182,3184,3182,3185,3184,3184,3185,3187,3185,3182,3182,3184,3184,3122,3124,3138,3240,3240,3239,3243,3237,1708,1707,1705,1704,20
PH59,6787,6789,6789,6785,6784,6353,6860,16355,16351,16366,16364,16363,16350,16353,16365,16365,16365,16370,16362,16355,16337,16335,16340,16344,16344,16351,16351,16343,16344,16345,16344,16339,16351,11156,12097,11520,11512,12118,9815,7790,3421,3423,3421,3421,3508,3508,3532,3535,3536,3536,3533,3473,3327,3261,3332,3329,3491,3494,3510,3578,3577,3575,2655,3224,3222,3482,3485,3606,3606,3261,3260,3344,3181,3181,3181,3181,3181,3183,3183,3184,3181,3181,3181,3181,3182,3181,3181,3181,3182,3181,3181,3181,3180,3181,3119,3121,3135,3237,3238,3237,3239,3237,1704,1704,1704,1703,20
PH54,6788,6790,6791,6786,6787,6355,6863,16361,16357,16372,16370,16369,16356,16357,16373,16375,16371,16362,16379,16355,16343,16341,16346,16350,16346,16357,16357,16350,16342,16351,16350,16346,16357,11155,12096,11517,11514,12118,9815,7795,3421,3423,3421,3421,3508,3508,3532,3535,3534,3534,3533,3471,3327,3261,3332,3327,3491,3494,3510,3578,3577,3575,2656,3224,3224,3483,3486,3606,3606,3262,3261,3344,3181,3181,3181,3181,3181,3183,3183,3184,3181,3179,3181,3179,3182,3181,3181,3181,3182,3181,3179,3179,3180,3181,3119,3121,3135,3237,3238,3237,3239,3237,1704,1704,1702,1701,20
PH38,6790,6792,6793,6788,6787,6350,6863,16366,16362,16361,16359,16358,16363,16364,16361,16364,16359,16355,16355,16386,16350,16348,16353,16355,16353,16365,16365,16359,16353,16358,16357,16352,16365,11164,12101,11522,11513,12130,9814,7790,3423,3426,3423,3423,3510,3510,3534,3537,3536,3536,3536,3473,3329,3263,3335,3329,3493,3497,3512,3580,3580,3577,2655,3225,3223,3482,3487,3608,3608,3263,3262,3346,3183,3183,3183,3183,3183,3185,3186,3186,3183,3181,3183,3181,3184,3183,3183,3183,3185,3184,3181,3181,3183,3183,3121,3123,3137,3239,3240,3239,3242,3237,1706,1706,1703,1703,20
PH125,6795,6797,6797,6792,6791,6353,6865,16367,16367,16362,16364,16358,16364,16368,16348,16351,16346,16337,16343,16350,16378,16367,16366,16364,16365,16368,16368,16354,16349,16369,16365,16348,16365,11171,12103,11516,11517,12130,9813,7795,3424,3427,3424,3427,3514,3511,3538,3541,3537,3537,3537,3475,3334,3262,3333,3333,3495,3496,3514,3581,3581,3578,2658,3226,3224,3485,3487,3612,3609,3266,3263,3349,3188,3188,3187,3185,3184,3188,3186,3189,3186,3184,3186,3181,3186,3186,3184,3187,3186,3184,3182,3182,3183,3184,3122,3124,3138,3243,3242,3239,3242,3236,1706,1704,1701,1701,20
PH135,6794,6796,6796,6792,6791,6354,6899,16364,16364,16359,16360,16357,16362,16365,16345,16348,16343,16335,16341,16348,16367,16483,16363,16362,16363,16364,16364,16351,16347,16366,16362,16346,16361,11169,12101,11513,11515,12128,9811,7794,3424,3426,3424,3427,3514,3512,3539,3541,3537,3537,3536,3477,3332,3261,3332,3333,3495,3495,3514,3580,3579,3577,2657,3225,3223,3485,3486,3611,3608,3266,3262,3350,3187,3187,3187,3184,3184,3188,3185,3189,3186,3184,3186,3181,3186,3186,3184,3186,3185,3184,3182,3182,3183,3184,3122,3124,3138,3243,3243,3240,3242,3237,1705,1704,1701,1701,20
PH114,6796,6798,6798,6793,6792,6354,6866,16370,16371,16366,16367,16362,16368,16371,16351,16354,16349,16340,16346,16353,16366,16363,16439,16421,16425,16427,16427,16413,16408,16380,16376,16361,16376,11170,12102,11513,11514,12127,9813,7795,3423,3426,3423,3426,3513,3517,3538,3540,3536,3536,3536,3476,3333,3263,3334,3332,3495,3496,3514,3581,3581,3578,2657,3226,3224,3485,3488,3612,3609,3266,3263,3348,3188,3188,3187,3185,3184,3189,3187,3189,3186,3184,3186,3181,3186,3186,3184,3187,3186,3184,3182,3182,3183,3184,3122,3124,3138,3242,3241,3238,3241,3236,1707,1707,1703,1703,20
PH144,6794,6796,6796,6794,6791,6354,6865,16376,16373,16366,16367,16363,16369,16372,16354,16357,16352,16344,16350,16355,16364,16362,16421,16460,16421,16425,16422,16411,16407,16379,16378,16361,16377,11166,12103,11513,11512,12128,9810,7791,3423,3425,3423,3423,3510,3520,3535,3537,3536,3536,3535,3473,3330,3262,3333,3329,3491,3494,3510,3580,3579,3578,2654,3226,3224,3482,3487,3607,3607,3263,3262,3346,3184,3184,3184,3184,3184,3186,3186,3187,3184,3182,3184,3181,3184,3184,3184,3184,3185,3184,3182,3182,3183,3184,3122,3124,3138,3239,3239,3239,3241,3237,1706,1707,1704,1703,20
PH139,6796,6798,6798,6794,6793,6355,6866,16370,16370,16365,16366,16362,16368,16373,16350,16353,16350,16344,16346,16353,16365,16363,16425,16421,16436,16431,16432,16418,16415,16380,16376,16359,16375,11171,12103,11515,11517,12130,9812,7795,3424,3426,3424,3427,3513,3518,3538,3541,3537,3537,3536,3477,3333,3263,3334,3333,3495,3495,3514,3581,3580,3578,2658,3226,3224,3485,3487,3611,3608,3266,3262,3349,3187,3187,3187,3184,3184,3189,3186,3189,3186,3184,3186,3181,3186,3186,3184,3186,3185,3184,3182,3182,3183,3184,3123,3124,3138,3242,3242,3239,3241,3237,1706,1707,1703,1703,20
PH34,6800,6802,6805,6796,6796,6358,6870,16375,16372,16371,16370,16364,16369,16373,16371,16382,16362,16351,16357,16365,16368,16364,16427,16425,16431,16468,16459,16438,16426,16382,16381,16369,16404,11169,12109,11530,11519,12152,9820,7798,3424,3428,3424,3424,3512,3520,3536,3538,3538,3538,3539,3475,3331,3264,3336,3330,3493,3499,3512,3582,3583,3579,2656,3227,3225,3483,3490,3610,3610,3264,3264,3347,3185,3185,3184,3185,3184,3186,3188,3187,3185,3183,3185,3182,3185,3185,3185,3186,3188,3186,3183,3183,3185,3185,3123,3124,3138,3240,3239,3239,3243,3237,1707,1707,1703,1703,20
PH40,6800,6802,6804,6796,6796,6358,6870,16372,16372,16371,16370,16367,16372,16373,16371,16381,16362,16351,16357,16365,16368,16364,16427,16422,16432,16459,16463,16439,16420,16382,16378,16369,16403,11172,12106,11530,11519,12147,9820,7801,3424,3428,3424,3427,3515,3520,3539,3541,3538,3538,3539,3478,3334,3264,3336,3333,3496,3499,3515,3581,3582,3578,2659,3227,3225,3486,3490,3613,3610,3267,3264,3350,3188,3188,3187,3185,3184,3189,3188,3189,3187,3185,3187,3182,3187,3187,3185,3188,3188,3186,3183,3183,3185,3185,3123,3124,3138,3243,3242,3239,3243,3237,1707,1707,1703,1703,20
PH37,6794,6796,6798,6792,6791,6354,6868,16361,16358,16357,16356,16354,16358,16359,16365,16371,16355,16343,16350,16359,16354,16351,16413,16411,16418,16438,16439,16439,16413,16368,16367,16363,16385,11162,12098,11522,11512,12134,9817,7793,3424,3428,3424,3424,3511,3518,3535,3538,3537,3537,3538,3474,3331,3264,3336,3330,3493,3499,3512,3580,3581,3577,2655,3225,3223,3481,3488,3610,3610,3263,3263,3346,3185,3185,3184,3185,3184,3186,3188,3187,3184,3182,3184,3181,3184,3184,3184,3185,3187,3185,3182,3182,3184,3184,3123,3124,3138,3240,3239,3239,3243,3237,1707,1707,1703,1703,20
PH32,6789,6791,6791,6788,6787,6352,6861,16357,16353,16352,16351,16347,16351,16357,16348,16348,16343,16344,16342,16353,16349,16347,16408,16407,16415,16426,16420,16413,16426,16365,16364,16356,16367,11160,12100,11516,11514,12126,9810,7788,3420,3422,3420,3420,3506,3514,3531,3534,3535,3535,3532,3472,3327,3260,3331,3329,3490,3493,3509,3578,3577,3575,2654,3224,3222,3481,3484,3605,3605,3261,3260,3344,3180,3180,3180,3180,3180,3182,3182,3183,3180,3180,3180,3179,3180,3180,3180,3180,3181,3180,3180,3180,3179,3180,3119,3120,3134,3237,3237,3237,3239,3237,1703,1704,1702,1702,20
PH119,6802,6799,6799,6795,6799,6355,6867,16374,16373,16368,16370,16365,16371,16375,16354,16357,16353,16345,16351,16358,16369,16366,16380,16379,16380,16382,16382,16368,16365,16413,16409,16373,16388,11171,12120,11516,11518,12130,9811,7795,3424,3426,3424,3427,3513,3511,3538,3541,3537,3537,3536,3482,3333,3263,3334,3333,3495,3495,3514,3581,3580,3578,2658,3226,3224,3485,3487,3611,3608,3266,3262,3349,3187,3187,3187,3184,3184,3189,3186,3189,3186,3184,3186,3181,3186,3186,3184,3186,3185,3184,3182,3182,3183,3184,3122,3124,3138,3242,3242,3239,3241,3237,1706,1707,1703,1703,20
PH136,6802,6799,6799,6795,6799,6355,6867,16373,16369,16364,16366,16361,16367,16371,16353,16356,16352,16344,16350,16357,16365,16362,16376,16378,16376,16381,16378,16367,16364,16409,16411,16372,16387,11167,12119,11515,11514,12129,9810,7792,3424,3426,3424,3424,3510,3511,3535,3538,3537,3537,3536,3479,3330,3263,3334,3330,3492,3495,3511,3581,3580,3578,2655,3226,3224,3482,3487,3608,3608,3263,3262,3346,3184,3184,3184,3184,3184,3186,3186,3187,3184,3182,3184,3181,3184,3184,3184,3184,3185,3184,3182,3182,3183,3184,3122,3124,3138,3239,3239,3239,3241,3237,1706,1707,1703,1703,20
PH31,6793,6795,6795,6792,6791,6352,6866,16356,16352,16351,16350,16349,16353,16354,16350,16351,16349,16339,16346,16352,16348,16346,16361,16361,16359,16369,16369,16363,16356,16373,16372,16380,16380,11163,12098,11512,11512,12123,9811,7794,3423,3425,3423,3423,3509,3510,3534,3537,3536,3536,3535,3473,3329,3262,3333,3329,3490,3493,3509,3579,3578,3576,2655,3226,3224,3481,3486,3607,3607,3263,3262,3346,3183,3183,3183,3183,3183,3185,3185,3186,3183,3181,3183,3180,3183,3183,3183,3183,3184,3183,3181,3181,3182,3183,3121,3123,3137,3239,3239,3239,3241,3237,1705,1706,1702,1702,20
PH36,6800,6802,6804,6796,6796,6357,6871,16372,16369,16368,16367,16364,16369,16370,16370,16380,16362,16351,16357,16365,16365,16361,16376,16377,16375,16404,16403,16385,16367,16388,16387,16380,16415,11169,12106,11529,11516,12146,9820,7798,3424,3428,3424,3424,3512,3513,3536,3538,3538,3538,3539,3475,3331,3264,3336,3330,3493,3499,3512,3581,3582,3578,2656,3227,3225,3483,3490,3610,3610,3264,3264,3347,3185,3185,3184,3185,3184,3186,3188,3187,3185,3183,3185,3182,3185,3185,3185,3186,3188,3186,3183,3183,3185,3185,3122,3124,3138,3240,3239,3239,3243,3237,1707,1707,1703,1703,20
PH110,6751,6753,6754,6746,6746,6458,7242,11167,11169,11164,11165,11164,11170,11170,11155,11159,11159,11156,11155,11164,11171,11169,11170,11166,11171,11169,11172,11162,11160,11171,11167,11163,11169,16167,11501,10960,10958,11247,9143,7484,3406,3409,3406,3409,3509,3505,3520,3604,3600,3600,3600,3551,3308,3232,3307,3307,3529,3530,3556,3691,3691,3690,2675,3248,3246,3461,3463,3581,3578,3256,3253,3397,3192,3191,3190,3188,3187,3191,3189,3212,3215,3213,3215,3210,3215,3215,3214,3217,3215,3213,3212,3212,3212,3213,3156,3158,3181,3334,3333,3330,3333,3327,1715,1713,1710,1710,21
PH122,6932,6918,6916,6918,6920,6529,7059,12104,12101,12103,12101,12097,12100,12104,12095,12099,12098,12097,12096,12101,12103,12101,12102,12103,12103,12109,12106,12098,12100,12120,12119,12098,12106,11501,17028,13320,13316,13569,10354,7859,3334,3336,3334,3334,3504,3506,3530,3504,3503,3503,3503,3460,3263,3194,3266,3264,3449,3452,3475,3557,3556,3555,2667,3192,3191,3456,3459,3596,3596,3173,3172,3305,3147,3147,3147,3147,3147,3148,3148,3156,3150,3148,3150,3147,3150,3150,3150,3150,3151,3150,3148,3148,3149,3150,3082,3085,3094,3217,3217,3217,3219,3215,1664,1663,1660,1660,21
PH26,6611,6614,6615,6611,6610,6194,6891,11515,11513,11519,11517,11515,11514,11515,11525,11527,11521,11520,11517,11522,11516,11513,11513,11513,11515,11530,11530,11522,11516,11516,11515,11512,11529,10960,13320,15724,15698,12489,9667,7353,3403,3407,3403,3403,3534,3534,3565,3622,3621,3621,3623,3577,3330,3261,3334,3329,3459,3465,3486,3695,3696,3693,2668,3292,3290,3846,3842,3554,3553,3248,3248,3342,3186,3186,3185,3186,3185,3186,3188,3209,3193,3191,3193,3190,3193,3193,3193,3194,3196,3194,3191,3191,3193,3193,3139,3142,3154,3290,3289,3289,3293,3286,1733,1731,1728,1728,19
PH27,6608,6611,6611,6610,6609,6188,6889,11514,11514,11520,11518,11514,11513,11517,11514,11515,11515,11512,11514,11513,11517,11515,11514,11512,11517,11519,11519,11512,11514,11518,11514,11512,11516,10958,13316,15698,15707,12480,9661,7354,3402,3404,3402,3405,3535,3533,3567,3625,3621,3621,3621,3580,3330,3258,3330,3330,3458,3458,3485,3693,3692,3691,2670,3289,3287,3846,3837,3552,3548,3251,3247,3342,3187,3187,3187,3184,3184,3188,3185,3210,3195,3193,3195,3190,3195,3195,3193,3195,3194,3193,3191,3191,3192,3193,3138,3141,3153,3291,3291,3288,3290,3285,1732,1731,1728,1728,19
PH33,6791,6792,6793,6785,6786,6334,6893,12129,12128,12127,12124,12120,12126,12129,12127,12135,12125,12118,12118,12130,12130,12128,12127,12128,12130,12152,12147,12134,12126,12130,12129,12123,12146,11247,13569,12489,12480,16161,10031,7661,3303,3307,3303,3303,3461,3461,3483,3448,3448,3448,3450,3398,3213,3142,3217,3212,3418,3424,3442,3531,3533,3532,2635,3187,3186,3393,3398,3508,3508,3113,3113,3241,3079,3079,3078,3079,3078,3079,3081,3086,3093,3091,3093,3090,3093,3093,3093,3094,3096,3094,3091,3091,3093,3093,3032,3035,3048,3166,3165,3165,3169,3163,1640,1638,1635,1635,23
PH8,7254,7252,7254,7249,7250,6904,7285,9811,9810,9818,9814,9813,9811,9811,9819,9821,9818,9815,9815,9814,9813,9811,9813,9810,9812,9820,9820,9817,9810,9811,9810,9811,9820,9143,10354,9667,9661,10031,17086,8978,3359,3362,3359,3359,3429,3429,3458,3581,3580,3580,3581,3515,3341,3263,3341,3338,3502,3506,3528,3555,3555,3554,2679,3245,3244,3501,3505,3675,3674,3239,3241,3357,3233,3233,3232,3234,3233,3232,3233,3252,3229,3227,3229,3226,3229,3229,3229,3230,3231,3229,3227,3227,3228,3229,3164,3166,3183,3246,3245,3246,3248,3243,1701,1699,1696,1696,20
PH49,5436,5435,5437,5431,5430,5202,5555,7792,7796,7801,7797,7796,7795,7795,7795,7797,7798,7790,7795,7790,7795,7794,7795,7791,7795,7798,7801,7793,7788,7795,7792,7794,7798,7484,7859,7353,7354,7661,8978,13080,3379,3382,3379,3382,3539,3536,3553,3581,3578,3578,3578,3531,3408,3324,3410,3411,3519,3520,3533,3594,3594,3590,2718,3340,3339,3500,3500,3596,3590,3271,3270,3470,3199,3199,3198,3196,3195,3198,3196,3201,3164,3163,3164,3159,3164,3164,3163,3166,3165,3162,3161,3161,3162,3162,3125,3127,3144,3358,3357,3354,3357,3352,1737,1735,1732,1732,21
PH108,3156,3156,3157,3155,3154,2928,3361,3423,3423,3424,3424,3424,3423,3423,3423,3424,3424,3421,3421,3423,3424,3424,3423,3423,3424,3424,3424,3424,3420,3424,3424,3423,3424,3406,3334,3403,3402,3303,3359,3379,7086,7077,7077,7077,3519,3519,3498,3443,3442,3442,3441,3388,3359,3281,3361,3360,3218,3220,3228,3458,3458,3456,2665,3219,3217,3390,3389,3325,3325,3305,3304,3606,3167,3167,3167,3167,3167,3167,3167,3174,3146,3144,3146,3143,3146,3146,3147,3146,3146,3146,3144,3144,3145,3146,3159,3160,3178,3426,3426,3426,3427,3423,1795,1796,1793,1793,26
PH7,3157,3157,3158,3155,3154,2929,3364,3425,3426,3427,3427,3426,3425,3425,3427,3428,3428,3423,3423,3426,3427,3426,3426,3425,3426,3428,3428,3428,3422,3426,3426,3425,3428,3409,3336,3407,3404,3307,3362,3382,7077,7092,7081,7077,3521,3520,3499,3445,3444,3444,3445,3390,3362,3284,3365,3362,3218,3222,3228,3458,3460,3456,2666,3219,3217,3392,3392,3328,3328,3305,3305,3607,3169,3169,3168,3169,3168,3168,3170,3175,3147,3145,3147,3144,3147,3147,3148,3148,3150,3148,3145,3145,3147,3147,3160,3162,3179,3427,3426,3426,3430,3423,1797,1797,1794,1794,26
PH22,3156,3156,3157,3155,3154,2928,3361,3423,3423,3424,3424,3424,3423,3423,3423,3424,3424,3421,3421,3423,3424,3424,3423,3423,3424,3424,3424,3424,3420,3424,3424,3423,3424,3406,3334,3403,3402,3303,3359,3379,7077,7081,7084,7077,3519,3519,3498,3443,3442,3442,3441,3388,3359,3281,3361,3360,3218,3220,3228,3458,3458,3456,2665,3219,3217,3390,3389,3325,3325,3305,3304,3606,3167,3167,3167,3167,3167,3167,3167,3174,3146,3144,3146,3143,3146,3146,3147,3146,3146,3146,3144,3144,3145,3146,3159,3160,3178,3426,3426,3426,3427,3423,1795,1796,1793,1793,26
PH128,3156,3156,3157,3155,3154,2928,3361,3423,3426,3427,3427,3427,3426,3426,3423,3424,3424,3421,3421,3423,3427,3427,3426,3423,3427,3424,3427,3424,3420,3427,3424,3423,3424,3409,3334,3403,3405,3303,3359,3382,7077,7077,7077,7083,3522,3519,3501,3446,3442,3442,3441,3391,3362,3281,3361,3363,3221,3220,3231,3458,3458,3456,2668,3219,3217,3393,3389,3328,3325,3308,3304,3609,3170,3170,3170,3167,3167,3170,3167,3176,3148,3146,3148,3143,3148,3148,3147,3148,3146,3146,3144,3144,3145,3146,3159,3160,3178,3429,3429,3426,3427,3423,1795,1796,1793,1793,26
PH132,3177,3174,3175,3171,3170,2819,3434,3511,3515,3515,3515,3514,3514,3514,3511,3513,3512,3508,3508,3510,3514,3514,3513,3510,3513,3512,3515,3511,3506,3513,3510,3509,3512,3509,3504,3534,3535,3461,3429,3539,3519,3521,3519,3522,6960,6947,6589,3516,3512,3512,3511,3497,3365,3334,3395,3391,3372,3371,3382,3411,3411,3412,2647,3518,3516,3697,3699,3451,3445,3495,3490,3452,3261,3261,3257,3255,3254,3260,3255,3249,3221,3219,3221,3217,3219,3221,3219,3222,3221,3219,3214,3214,3219,3219,3197,3203,3237,3355,3355,3348,3354,3345,1752,1752,1749,1749,23
PH3,3173,3170,3171,3167,3167,2818,3429,3511,3511,3511,3511,3511,3511,3511,3510,3513,3511,3508,3508,3510,3511,3512,3517,3520,3518,3520,3520,3518,3514,3511,3511,3510,3513,3505,3506,3534,3533,3461,3429,3536,3519,3520,3519,3519,6947,7075,6581,3513,3513,3513,3511,3495,3358,3332,3390,3388,3369,3370,3379,3411,3410,3412,2661,3517,3515,3695,3700,3444,3444,3491,3488,3448,3254,3254,3254,3254,3254,3254,3254,3244,3217,3215,3217,3214,3217,3217,3217,3217,3218,3217,3215,3215,3217,3217,3197,3200,3234,3346,3346,3346,3348,3343,1750,1751,1748,1748,23
PH99,3204,3201,3202,3200,3198,2872,3486,3535,3538,3538,3538,3538,3538,3538,3534,3536,3535,3532,3532,3534,3538,3539,3538,3535,3538,3536,3539,3535,3531,3538,3535,3534,3536,3520,3530,3565,3567,3483,3458,3553,3498,3499,3498,3501,6589,6581,7045,3517,3513,3513,3511,3498,3389,3357,3418,3416,3334,3332,3345,3416,3415,3415,2642,3552,3550,3756,3757,3408,3402,3473,3468,3460,3279,3279,3276,3273,3273,3279,3273,3273,3298,3296,3298,3293,3295,3298,3296,3298,3297,3296,3291,3291,3296,3296,3229,3235,3269,3363,3363,3357,3362,3354,1753,1754,1751,1751,24
PH100,3714,3715,3715,3712,3709,3407,4493,3537,3540,3541,3541,3541,3540,3540,3537,3538,3538,3535,3535,3537,3541,3541,3540,3537,3541,3538,3541,3538,3534,3541,3538,3537,3538,3604,3504,3622,3625,3448,3581,3581,3443,3445,3443,3446,3516,3513,3517,8213,8185,8187,8190,6603,4334,4303,4505,4508,3505,3503,3512,4725,4725,4722,3106,3451,3449,3585,3586,3477,3474,3501,3497,3532,3265,3265,3265,3262,3262,3265,3262,3273,3338,3336,3338,3333,3338,3338,3336,3338,3337,3336,3334,3334,3336,3336,3297,3299,3328,3449,3449,3447,3448,3443,1846,1847,1844,1844,27
PH21,3714,3715,3715,3711,3709,3406,4489,3536,3536,3537,3537,3537,3536,3536,3536,3538,3537,3536,3534,3536,3537,3537,3536,3536,3537,3538,3538,3537,3535,3537,3537,3536,3538,3600,3503,3621,3621,3448,3580,3578,3442,3444,3442,3442,3512,3513,3513,8185,8206,8198,8198,6599,4328,4300,4502,4504,3501,3502,3508,4720,4720,4717,3105,3451,3449,3583,3585,3473,3473,3498,3497,3529,3261,3261,3261,3261,3261,3261,3261,3270,3336,3336,3336,3335,3336,3336,3336,3336,3337,3336,3336,3336,3336,3336,3296,3298,3327,3445,3445,3446,3447,3444,1845,1846,1845,1845,27
PH4,3716,3717,3717,3713,3711,3406,4493,3536,3536,3537,3537,3537,3536,3536,3536,3538,3537,3536,3534,3536,3537,3537,3536,3536,3537,3538,3538,3537,3535,3537,3537,3536,3538,3600,3503,3621,3621,3448,3580,3578,3442,3444,3442,3442,3512,3513,3513,8187,8198,8211,8201,6604,4328,4298,4498,4501,3501,3502,3508,4724,4725,4721,3105,3451,3449,3583,3585,3473,3473,3498,3497,3529,3261,3261,3261,3261,3261,3261,3261,3270,3336,3336,3336,3335,3336,3336,3336,3336,3337,3336,3336,3336,3336,3336,3296,3298,3327,3445,3445,3446,3448,3444,1845,1846,1845,1845,27
PH56,3720,3721,3721,3716,3714,3410,4498,3535,3536,3537,3537,3536,3535,3535,3537,3539,3538,3533,3533,3536,3537,3536,3536,3535,3536,3539,3539,3538,3532,3536,3536,3535,3539,3600,3503,3623,3621,3450,3581,3578,3441,3445,3441,3441,3511,3511,3511,8190,8198,8201,8216,6600,4328,4300,4504,4501,3499,3502,3506,4725,4728,4722,3101,3450,3448,3580,3585,3473,3473,3500,3500,3527,3262,3262,3261,3262,3261,3261,3263,3270,3338,3336,3338,3335,3338,3338,3338,3339,3341,3339,3336,3336,3339,3338,3298,3300,3329,3444,3443,3444,3448,3440,1848,1848,1845,1845,27
PH50,3678,3674,3674,3670,3673,3488,4256,3473,3476,3477,3477,3477,3476,3476,3473,3475,3474,3473,3471,3473,3475,3477,3476,3473,3477,3475,3478,3474,3472,3482,3479,3473,3475,3551,3460,3577,3580,3398,3515,3531,3388,3390,3388,3391,3497,3495,3498,6603,6599,6604,6600,8108,3820,3622,3822,3825,3501,3499,3505,4520,4520,4518,3228,3386,3384,3539,3538,3421,3418,3357,3353,3421,3218,3218,3218,3215,3216,3218,3215,3211,3246,3246,3246,3243,3246,3246,3244,3246,3245,3244,3244,3244,3244,3244,3211,3213,3240,3400,3400,3398,3400,3395,1834,1835,1834,1834,25
PH138,3110,3110,3111,3109,3106,2769,3281,3330,3334,3334,3334,3333,3333,3333,3330,3331,3331,3327,3327,3329,3334,3332,3333,3330,3333,3331,3334,3331,3327,3333,3330,3329,3331,3308,3263,3330,3330,3213,3341,3408,3359,3362,3359,3362,3365,3358,3389,4334,4328,4328,4328,3820,6816,6437,6641,6634,3383,3383,3395,3969,3969,3966,2747,3442,3440,3412,3413,3453,3445,3711,3708,3426,3216,3216,3212,3210,3209,3215,3210,3209,3206,3204,3206,3201,3203,3206,3204,3207,3206,3204,3199,3199,3203,3204,3174,3179,3192,3317,3316,3311,3316,3307,1789,1789,1786,1786,26
PH18,3047,3043,3044,3041,3039,2693,3216,3263,3264,3265,3265,3264,3263,3263,3264,3265,3265,3261,3261,3263,3262,3261,3263,3262,3263,3264,3264,3264,3260,3263,3263,3262,3264,3232,3194,3261,3258,3142,3263,3324,3281,3284,3281,3281,3334,3332,3357,4303,4300,4298,4300,3622,6437,6737,6735,6645,3296,3299,3308,3891,3891,3884,2662,3372,3370,3329,3333,3398,3396,3650,3650,3348,3132,3132,3131,3132,3131,3132,3133,3127,3126,3124,3126,3124,3127,3126,3126,3127,3128,3126,3124,3124,3125,3126,3096,3098,3111,3230,3230,3230,3232,3226,1774,1775,1772,1772,26
PH35,3111,3107,3108,3105,3103,2769,3283,3334,3335,3336,3336,3335,3334,3334,3336,3337,3337,3332,3332,3335,3333,3332,3334,3333,3334,3336,3336,3336,3331,3334,3334,3333,3336,3307,3266,3334,3330,3217,3341,3410,3361,3365,3361,3361,3395,3390,3418,4505,4502,4498,4504,3822,6641,6735,6947,6849,3382,3386,3394,3973,3974,3966,2748,3442,3440,3411,3415,3484,3479,3713,3713,3424,3213,3213,3209,3210,3209,3213,3212,3207,3204,3202,3204,3202,3202,3204,3204,3205,3207,3205,3199,3199,3204,3204,3174,3179,3192,3315,3315,3312,3318,3308,1789,1790,1787,1787,26
PH23,3104,3100,3101,3099,3097,2768,3276,3329,3332,3333,3333,3333,3332,3332,3329,3330,3330,3329,3327,3329,3333,3333,3332,3329,3333,3330,3333,3330,3329,3333,3330,3329,3330,3307,3264,3329,3330,3212,3338,3411,3360,3362,3360,3363,3391,3388,3416,4508,4504,4501,4501,3825,6634,6645,6849,6929,3381,3380,3393,3968,3967,3961,2747,3441,3439,3414,3411,3479,3476,3710,3706,3424,3210,3210,3210,3207,3207,3210,3207,3204,3201,3201,3201,3198,3201,3201,3199,3201,3200,3199,3199,3199,3198,3199,3172,3174,3187,3311,3311,3309,3310,3307,1786,1787,1786,1786,26
PH104,4065,4065,4064,4063,4061,4456,4313,3491,3494,3495,3495,3495,3494,3494,3493,3493,3493,3491,3491,3493,3495,3495,3495,3491,3495,3493,3496,3493,3490,3495,3492,3490,3493,3529,3449,3459,3458,3418,3502,3519,3218,3218,3218,3221,3372,3369,3334,3505,3501,3501,3499,3501,3383,3296,3382,3381,8796,8783,8644,3483,3483,3481,2745,3418,3416,3367,3367,3796,3789,3550,3547,3486,3237,3237,3237,3234,3234,3237,3234,3292,3295,3293,3295,3290,3295,3295,3293,3295,3293,3293,3291,3291,3292,3293,3268,3269,3300,3408,3408,3405,3406,3402,1837,1837,1835,1835,23
PH1,4065,4065,4066,4062,4060,4456,4317,3494,3495,3496,3496,3495,3494,3494,3499,3499,3498,3494,3494,3497,3496,3495,3496,3494,3495,3499,3499,3499,3493,3495,3495,3493,3499,3530,3452,3465,3458,3424,3506,3520,3220,3222,3220,3220,3371,3370,3332,3503,3502,3502,3502,3499,3383,3299,3386,3380,8783,8805,8643,3484,3486,3482,2743,3419,3417,3365,3370,3794,3790,3549,3549,3484,3236,3236,3235,3236,3235,3235,3237,3291,3295,3293,3295,3292,3295,3295,3295,3296,3297,3296,3293,3293,3295,3295,3270,3271,3302,3407,3406,3406,3409,3403,1838,1837,1835,1835,23
PH112,4079,4079,4079,4077,4075,4474,4338,3510,3513,3514,3514,3514,3513,3513,3512,3512,3512,3510,3510,3512,3514,3514,3514,3510,3514,3512,3515,3512,3509,3514,3511,3509,3512,3556,3475,3486,3485,3442,3528,3533,3228,3228,3228,3231,3382,3379,3345,3512,3508,3508,3506,3505,3395,3308,3394,3393,8644,8643,8843,3472,3472,3470,2746,3434,3432,3369,3369,3795,3788,3545,3541,3477,3232,3232,3232,3229,3229,3232,3229,3285,3292,3290,3292,3287,3292,3292,3290,3292,3290,3290,3288,3288,3289,3290,3264,3265,3297,3393,3393,3390,3391,3387,1837,1837,1835,1835,23
PH129,3691,3692,3694,3689,3685,3556,4383,3580,3580,3581,3581,3581,3580,3580,3579,3581,3581,3578,3578,3580,3581,3580,3581,3580,3581,3582,3581,3580,3578,3581,3581,3579,3581,3691,3557,3695,3693,3531,3555,3594,3458,3458,3458,3458,3411,3411,3416,4725,4720,4724,4725,4520,3969,3891,3973,3968,3483,3484,3472,8224,8203,8191,2680,3438,3436,3488,3490,3410,3408,3326,3325,3417,3295,3295,3295,3295,3295,3295,3295,3293,3294,3292,3294,3291,3294,3294,3294,3294,3294,3294,3292,3292,3293,3295,3283,3284,3307,3309,3309,3309,3310,3305,1841,1842,1839,1839,23
PH58,3691,3692,3694,3688,3684,3555,4384,3579,3580,3581,3581,3580,3579,3579,3580,3582,3582,3577,3577,3580,3581,3579,3581,3579,3580,3583,3582,3581,3577,3580,3580,3578,3582,3691,3556,3696,3692,3533,3555,3594,3458,3460,3458,3458,3411,3410,3415,4725,4720,4725,4728,4520,3969,3891,3974,3967,3483,3486,3472,8203,8237,8186,2680,3439,3437,3488,3492,3411,3409,3326,3326,3415,3295,3295,3294,3295,3294,3294,3296,3292,3293,3291,3293,3290,3293,3293,3293,3294,3296,3294,3291,3291,3293,3294,3282,3284,3306,3308,3307,3307,3311,3304,1842,1842,1839,1839,23
PH145,3688,3689,3691,3687,3682,3554,4381,3578,3578,3578,3578,3578,3578,3578,3576,3578,3578,3575,3575,3577,3578,3577,3578,3578,3578,3579,3578,3577,3575,3578,3578,3576,3578,3690,3555,3693,3691,3532,3554,3590,3456,3456,3456,3456,3412,3412,3415,4722,4717,4721,4722,4518,3966,3884,3966,3961,3481,3482,3470,8191,8186,8262,2675,3435,3433,3483,3485,3410,3408,3324,3323,3416,3292,3292,3292,3292,3292,3292,3292,3291,3292,3290,3292,3289,3292,3292,3292,3292,3292,3292,3290,3290,3291,3293,3281,3282,3305,3310,3310,3310,3311,3306,1841,1842,1839,1839,23
PH121,2646,2647,2647,2644,2645,2687,2690,2654,2657,2658,2658,2658,2657,2657,2655,2657,2655,2655,2656,2655,2658,2657,2657,2654,2658,2656,2659,2655,2654,2658,2655,2655,2656,2675,2667,2668,2670,2635,2679,2718,2665,2666,2665,2668,2647,2661,2642,3106,3105,3105,3101,3228,2747,2662,2748,2747,2745,2743,2746,2680,2680,2675,6593,2726,2726,2849,2846,2735,2724,2743,2740,2798,2654,2654,2651,2648,2648,2654,2648,2675,2670,2670,2670,2667,2667,2670,2668,2670,2669,2668,2665,2665,2668,2667,2652,2657,2672,2723,2723,2716,2721,2717,1195,1195,1194,1194,22
PH137,3060,3060,3061,3060,3059,2714,3251,3226,3226,3226,3226,3226,3226,3226,3226,3226,3226,3224,3224,3225,3226,3225,3226,3226,3226,3227,3227,3225,3224,3226,3226,3226,3227,3248,3192,3292,3289,3187,3245,3340,3219,3219,3219,3219,3518,3517,3552,3451,3451,3451,3450,3386,3442,3372,3442,3441,3418,3419,3434,3438,3439,3435,2726,6895,6879,4019,4022,3377,3377,3527,3526,3612,3235,3235,3235,3235,3235,3235,3235,3226,3242,3240,3242,3239,3242,3242,3242,3242,3242,3242,3240,3240,3241,3242,3207,3209,3236,3266,3266,3266,3267,3263,1731,1732,1729,1729,22
PH13,3057,3057,3058,3057,3058,2714,3249,3224,3224,3224,3224,3224,3224,3224,3224,3224,3224,3222,3224,3223,3224,3223,3224,3224,3224,3225,3225,3223,3222,3224,3224,3224,3225,3246,3191,3290,3287,3186,3244,3339,3217,3217,3217,3217,3516,3515,3550,3449,3449,3449,3448,3384,3440,3370,3440,3439,3416,3417,3432,3436,3437,3433,2726,6879,6894,4019,4020,3375,3375,3525,3524,3610,3233,3233,3233,3233,3233,3233,3233,3224,3240,3238,3240,3237,3240,3240,3240,3240,3240,3240,3238,3238,3239,3240,3205,3207,3234,3264,3264,3264,3265,3263,1730,1730,1727,1727,22
PH15,3254,3254,3255,3252,3253,2890,3435,3482,3486,3485,3485,3485,3485,3485,3481,3484,3482,3482,3483,3482,3485,3485,3485,3482,3485,3483,3486,3481,3481,3485,3482,3481,3483,3461,3456,3846,3846,3393,3501,3500,3390,3392,3390,3393,3697,3695,3756,3585,3583,3583,3580,3539,3412,3329,3411,3414,3367,3365,3369,3488,3488,3483,2849,4019,4019,7432,7400,3453,3451,3503,3500,3532,3221,3221,3221,3218,3218,3221,3218,3216,3209,3209,3209,3206,3209,3209,3207,3209,3208,3207,3207,3207,3206,3207,3174,3177,3213,3354,3354,3351,3353,3352,1779,1780,1779,1779,25
PH9,3257,3257,3258,3254,3253,2890,3440,3487,3489,3488,3488,3487,3487,3487,3488,3491,3488,3485,3486,3487,3487,3486,3488,3487,3487,3490,3490,3488,3484,3487,3487,3486,3490,3463,3459,3842,3837,3398,3505,3500,3389,3392,3389,3389,3699,3700,3757,3586,3585,3585,3585,3538,3413,3333,3415,3411,3367,3370,3369,3490,3492,3485,2846,4022,4020,7400,7422,3455,3456,3503,3504,3531,3223,3223,3222,3223,3222,3222,3223,3218,3211,3209,3211,3208,3211,3211,3211,3212,3214,3211,3209,3209,3210,3211,3178,3182,3217,3356,3355,3355,3358,3353,1785,1785,1782,1782,25
PH115,4515,4512,4511,4505,4508,5094,4547,3607,3611,3612,3612,3611,3610,3610,3609,3610,3610,3606,3606,3608,3612,3611,3612,3607,3611,3610,3613,3610,3605,3611,3608,3607,3610,3581,3596,3554,3552,3508,3675,3596,3325,3328,3325,3328,3451,3444,3408,3477,3473,3473,3473,3421,3453,3398,3484,3479,3796,3794,3795,3410,3411,3410,2735,3377,3375,3453,3455,9695,9681,3935,3934,3454,4349,4349,4345,4343,4342,4348,4343,4089,3407,3405,3407,3402,3404,3407,3405,3409,3407,3405,3400,3400,3404,3406,3351,3357,3375,3343,3342,3337,3342,3334,1794,1793,1790,1790,21
PH11,4511,4508,4507,4501,4504,5086,4541,3607,3608,3609,3609,3608,3607,3607,3609,3610,3610,3606,3606,3608,3609,3608,3609,3607,3608,3610,3610,3610,3605,3608,3608,3607,3610,3578,3596,3553,3548,3508,3674,3590,3325,3328,3325,3325,3445,3444,3402,3474,3473,3473,3473,3418,3445,3396,3479,3476,3789,3790,3788,3408,3409,3408,2724,3377,3375,3451,3456,9681,9684,3928,3930,3450,4344,4344,4343,4344,4343,4343,4344,4085,3403,3401,3403,3400,3403,3403,3403,3405,3405,3403,3401,3401,3402,3404,3352,3355,3373,3338,3337,3338,3340,3335,1795,1794,1791,1791,21
PH116,3064,3064,3065,3060,3060,2707,3398,3263,3266,3266,3266,3266,3266,3266,3263,3265,3263,3261,3262,3263,3266,3266,3266,3263,3266,3264,3267,3263,3261,3266,3263,3263,3264,3256,3173,3248,3251,3113,3239,3271,3305,3305,3305,3308,3495,3491,3473,3501,3498,3498,3500,3357,3711,3650,3713,3710,3550,3549,3545,3326,3326,3324,2743,3527,3525,3503,3503,3935,3928,6795,6771,3900,3358,3358,3358,3355,3355,3358,3355,3337,3351,3349,3351,3346,3351,3351,3349,3351,3349,3349,3347,3347,3348,3349,3315,3317,3321,3347,3347,3344,3345,3341,1816,1817,1814,1814,19
PH140,3060,3060,3061,3057,3055,2706,3397,3262,3263,3263,3263,3262,3262,3262,3263,3265,3263,3260,3261,3262,3263,3262,3263,3262,3262,3264,3264,3263,3260,3262,3262,3262,3264,3253,3172,3248,3247,3113,3241,3270,3304,3305,3304,3304,3490,3488,3468,3497,3497,3497,3500,3353,3708,3650,3713,3706,3547,3549,3541,3325,3326,3323,2740,3526,3524,3500,3504,3934,3930,6771,6794,3897,3356,3356,3355,3356,3355,3355,3356,3335,3347,3345,3347,3344,3347,3347,3347,3348,3348,3347,3345,3345,3346,3347,3314,3316,3320,3345,3344,3345,3346,3341,1817,1817,1814,1814,19
