,PH130,PH133,PH2,PH25,PH14,PH117,PH51,PH102,PH120,PH123,PH124,PH126,PH127,PH143,PH48,PH55,PH6,PH59,PH54,PH38,PH125,PH135,PH114,PH144,PH139,PH34,PH40,PH37,PH32,PH119,PH136,PH31,PH36,PH110,PH122,PH26,PH27,PH33,PH8,PH49,PH108,PH7,PH22,PH128,PH132,PH3,PH99,PH100,PH21,PH4,PH56,PH50,PH138,PH18,PH35,PH23,PH104,PH1,PH112,PH129,PH58,PH145,PH121,PH137,PH13,PH15,PH9,PH115,PH11,PH116,PH140,PH24,PH101,PH107,PH43,PH42,PH60,PH16,PH57,PH118,PH103,PH28,PH105,PH61,PH63,PH109,PH97,PH141,PH41,PH46,PH17,PH30,PH44,PH29,PH45,PH47,PH111,PH106,PH113,PH19,PH39,PH52,PH131,PH134,PH62,PH20,PH5
PH130,84471,84261,84271,84203,84234,17008,16372,7147,7147,7147,7147,7145,7145,7147,7143,7148,7146,7140,7141,7143,7148,7147,7149,7147,7149,7153,7153,7147,7142,7155,7155,7146,7153,7101,7280,6957,6954,7132,7650,5730,3307,3308,3307,3307,3330,3326,3359,3928,3928,3930,3934,3887,3273,3211,3276,3268,4283,4283,4297,3881,3880,3878,2766,3202,3199,3396,3399,4767,4763,3205,3201,3246,3422,3422,3419,3420,3419,3422,3421,3528,3432,3430,3431,3430,3430,3433,3431,3433,3432,3431,3428,3428,3431,3431,3323,3326,3346,3294,3293,3291,3295,3291,1767,1763,1761,1761,30
PH133,84261,84373,84329,84223,84251,17000,16370,7149,7149,7149,7149,7147,7147,7149,7145,7150,7148,7142,7143,7145,7150,7149,7151,7149,7151,7155,7155,7149,7144,7152,7152,7148,7155,7103,7266,6960,6957,7133,7648,5729,3307,3308,3307,3307,3327,3323,3356,3929,3929,3931,3935,3883,3273,3207,3272,3264,4283,4283,4297,3882,3881,3879,2767,3202,3199,3396,3399,4764,4760,3205,3201,3246,3422,3422,3419,3420,3419,3422,3421,3528,3432,3430,3431,3430,3430,3433,3431,3433,3432,3431,3428,3428,3431,3431,3323,3326,3346,3294,3293,3291,3295,3291,1768,1764,1762,1762,30
PH2,84271,84329,84490,84270,84303,17010,16389,7150,7150,7150,7150,7148,7148,7150,7147,7153,7150,7143,7145,7147,7151,7150,7152,7150,7152,7159,7158,7152,7145,7153,7153,7149,7158,7105,7264,6961,6957,7134,7650,5731,3308,3309,3308,3308,3328,3324,3357,3929,3929,3931,3935,3883,3274,3208,3273,3265,4282,4284,4297,3884,3883,3881,2767,3203,3200,3397,3400,4763,4759,3206,3202,3246,3422,3422,3419,3420,3419,3422,3421,3529,3433,3431,3432,3431,3431,3434,3432,3434,3434,3432,3429,3429,3433,3432,3324,3328,3347,3295,3294,3292,3297,3292,1768,1764,1762,1762,30
PH25,84203,84223,84270,84379,84284,16998,16364,7147,7146,7144,7144,7143,7145,7147,7141,7144,7143,7138,7139,7141,7145,7145,7146,7147,7147,7149,7149,7145,7141,7148,7148,7145,7149,7096,7266,6957,6956,7126,7645,5725,3306,3306,3306,3306,3324,3320,3355,3926,3925,3927,3930,3879,3272,3205,3270,3263,4280,4279,4294,3879,3877,3877,2764,3202,3199,3394,3396,4757,4753,3201,3198,3245,3421,3421,3419,3419,3419,3422,3420,3528,3430,3428,3429,3428,3428,3431,3429,3430,3429,3429,3426,3426,3429,3429,3323,3326,3346,3292,3292,3290,3293,3290,1767,1764,1762,1762,30
PH14,84234,84251,84303,84284,84370,16996,16365,7144,7143,7143,7143,7142,7142,7144,7140,7144,7142,7137,7140,7140,7144,7144,7145,7144,7146,7149,7149,7144,7140,7152,7152,7144,7149,7096,7268,6956,6955,7127,7646,5724,3305,3305,3305,3305,3323,3320,3353,3923,3923,3925,3928,3882,3269,3203,3268,3261,4279,4278,4293,3875,3873,3872,2765,3201,3200,3395,3395,4760,4756,3201,3196,3243,3419,3419,3417,3417,3417,3420,3418,3527,3430,3428,3429,3428,3428,3431,3429,3430,3430,3429,3426,3426,3430,3429,3321,3325,3344,3290,3290,3288,3291,3290,1764,1761,1759,1759,30
PH117,17008,17000,17010,16998,16996,40410,17057,6726,6725,6727,6726,6726,6725,6726,6726,6727,6728,6725,6727,6722,6725,6726,6726,6726,6727,6730,6730,6726,6724,6727,6727,6724,6729,6830,6907,6544,6538,6698,7326,5520,3104,3105,3104,3104,2980,2979,3034,3616,3615,3615,3619,3692,2934,2858,2936,2934,4733,4733,4751,3764,3762,3762,2847,2859,2859,3028,3028,5425,5417,2858,2857,2916,3326,3325,3323,3323,3323,3328,3326,3486,3205,3205,3205,3205,3204,3205,3205,3206,3205,3205,3203,3203,3204,3205,3041,3043,3047,2884,2884,2883,2886,2883,1366,1365,1364,1364,36
PH51,16372,16370,16389,16364,16365,17057,32951,7289,7289,7290,7290,7289,7288,7289,7290,7291,7292,7284,7287,7287,7289,7323,7290,7289,7290,7294,7294,7292,7285,7291,7291,7290,7295,7689,7486,7313,7311,7306,7743,5904,3568,3570,3568,3568,3640,3635,3692,4783,4779,4783,4788,4519,3480,3416,3484,3476,4554,4558,4580,4643,4643,4640,2842,3426,3424,3611,3616,4832,4825,3592,3591,3544,3545,3545,3542,3543,3542,3547,3547,3634,3557,3555,3557,3554,3555,3557,3557,3559,3560,3558,3554,3554,3560,3557,3444,3448,3453,3446,3445,3444,3448,3440,1858,1855,1853,1852,35
PH102,7147,7149,7150,7147,7144,6726,7289,17425,17417,17403,17405,17399,17406,17409,17392,17394,17388,17380,17387,17392,17394,17391,17397,17403,17396,17402,17398,17387,17383,17401,17400,17382,17398,11889,12877,12262,12261,12897,10451,8315,3645,3646,3645,3645,3742,3742,3767,3784,3783,3783,3783,3712,3551,3484,3557,3551,3706,3709,3726,3810,3809,3807,2821,3436,3434,3687,3692,3836,3836,3461,3460,3556,3387,3387,3387,3387,3387,3389,3389,3386,3383,3381,3383,3381,3384,3383,3383,3383,3384,3383,3381,3381,3382,3383,3316,3318,3331,3448,3449,3448,3450,3446,1823,1823,1821,1820,35
PH120,7147,7149,7150,7146,7143,6725,7289,17417,17427,17405,17406,17400,17407,17409,17389,17391,17385,17376,17383,17388,17395,17392,17399,17400,17397,17399,17399,17384,17379,17401,17396,17378,17395,11892,12874,12260,12262,12896,10450,8320,3645,3647,3645,3649,3747,3742,3771,3788,3783,3783,3784,3716,3556,3485,3558,3555,3710,3710,3730,3810,3810,3807,2825,3436,3434,3692,3694,3841,3837,3465,3461,3560,3392,3392,3391,3388,3387,3393,3390,3389,3386,3384,3386,3381,3387,3386,3383,3387,3385,3383,3381,3381,3382,3383,3316,3318,3331,3453,3453,3448,3451,3446,1824,1823,1821,1820,35
PH123,7147,7149,7150,7144,7143,6727,7290,17403,17405,17423,17418,17412,17400,17402,17405,17406,17401,17392,17399,17388,17391,17388,17395,17393,17393,17399,17399,17384,17379,17397,17392,17378,17395,11888,12876,12267,12269,12896,10459,8325,3646,3648,3646,3650,3747,3742,3771,3789,3784,3784,3785,3717,3556,3486,3559,3556,3711,3711,3731,3811,3811,3807,2826,3436,3434,3691,3693,3842,3838,3465,3461,3560,3392,3392,3391,3388,3387,3393,3390,3389,3386,3384,3386,3381,3387,3386,3383,3387,3385,3383,3381,3381,3382,3383,3316,3318,3331,3453,3453,3448,3451,3446,1824,1823,1821,1820,35
PH124,7147,7149,7150,7144,7143,6726,7290,17405,17406,17418,17421,17414,17401,17404,17403,17405,17399,17390,17397,17386,17393,17389,17396,17394,17394,17398,17398,17383,17378,17399,17394,17377,17394,11889,12874,12265,12267,12893,10455,8321,3646,3648,3646,3650,3747,3742,3771,3789,3784,3784,3785,3717,3556,3486,3559,3556,3711,3711,3731,3811,3811,3807,2826,3436,3434,3691,3693,3842,3838,3465,3461,3560,3392,3392,3391,3388,3387,3393,3390,3389,3386,3384,3386,3381,3387,3386,3383,3387,3385,3383,3381,3381,3382,3383,3316,3318,3331,3453,3453,3448,3451,3446,1824,1823,1821,1820,35
PH126,7145,7147,7148,7143,7142,6726,7289,17399,17400,17412,17414,17415,17399,17398,17400,17403,17397,17389,17396,17385,17386,17385,17390,17389,17389,17391,17395,17381,17374,17393,17388,17376,17391,11887,12870,12263,12263,12888,10453,8320,3646,3647,3646,3650,3746,3742,3771,3789,3784,3784,3784,3717,3555,3485,3558,3556,3711,3710,3731,3811,3810,3807,2826,3436,3434,3691,3692,3841,3837,3465,3460,3560,3391,3391,3391,3387,3387,3393,3389,3389,3386,3384,3386,3381,3387,3386,3383,3386,3384,3383,3381,3381,3382,3383,3316,3318,3331,3452,3453,3448,3450,3446,1823,1823,1821,1820,35
PH127,7145,7147,7148,7145,7142,6725,7288,17406,17407,17400,17401,17399,17415,17407,17387,17389,17383,17375,17382,17389,17392,17390,17396,17396,17395,17396,17399,17384,17377,17399,17394,17379,17395,11893,12873,12261,12261,12894,10451,8319,3645,3646,3645,3649,3746,3742,3771,3788,3783,3783,3783,3716,3555,3484,3557,3555,3710,3709,3730,3810,3809,3807,2825,3436,3434,3691,3692,3840,3836,3465,3460,3560,3391,3391,3391,3387,3387,3393,3389,3389,3386,3384,3386,3381,3387,3386,3383,3386,3384,3383,3381,3381,3382,3383,3316,3318,3331,3452,3453,3448,3450,3446,1823,1823,1820,1820,35
PH143,7147,7149,7150,7147,7144,6726,7289,17409,17409,17402,17404,17398,17407,17418,17387,17389,17383,17377,17382,17389,17395,17392,17398,17398,17399,17399,17399,17384,17382,17402,17397,17379,17395,11892,12876,12261,12264,12896,10450,8319,3645,3646,3645,3649,3746,3742,3771,3788,3783,3783,3783,3716,3555,3484,3557,3555,3710,3709,3730,3810,3809,3807,2825,3436,3434,3691,3692,3840,3836,3465,3460,3560,3391,3391,3391,3387,3387,3393,3389,3389,3386,3384,3386,3381,3387,3386,3383,3386,3384,3383,3381,3381,3382,3383,3316,3318,3331,3451,3452,3447,3449,3445,1823,1823,1820,1820,35
PH48,7143,7145,7147,7141,7140,6726,7290,17392,17389,17405,17403,17400,17387,17387,17418,17414,17403,17391,17400,17388,17376,17373,17379,17381,17377,17399,17398,17392,17375,17382,17381,17377,17397,11878,12868,12273,12262,12896,10460,8318,3645,3648,3645,3645,3742,3741,3766,3784,3783,3783,3785,3712,3551,3485,3559,3551,3708,3714,3728,3809,3810,3805,2822,3436,3434,3686,3693,3838,3838,3461,3461,3556,3387,3387,3386,3387,3386,3388,3390,3385,3382,3380,3382,3380,3383,3382,3382,3383,3385,3383,3380,3380,3382,3382,3315,3317,3330,3449,3449,3448,3452,3446,1823,1822,1820,1819,35
PH55,7148,7150,7153,7144,7144,6727,7291,17394,17391,17406,17405,17403,17389,17389,17414,17431,17403,17391,17402,17391,17378,17375,17381,17383,17379,17409,17408,17398,17375,17384,17383,17378,17407,11881,12872,12275,12263,12903,10461,8320,3646,3649,3646,3646,3744,3744,3768,3785,3785,3785,3787,3714,3552,3486,3560,3552,3708,3714,3728,3811,3812,3807,2824,3436,3434,3689,3696,3839,3839,3463,3463,3557,3388,3388,3387,3388,3387,3389,3391,3386,3384,3382,3384,3382,3385,3384,3384,3385,3387,3385,3382,3382,3384,3384,3316,3318,3331,3449,3449,3448,3452,3446,1824,1823,1821,1820,35
PH6,7146,7148,7150,7143,7142,6728,7292,17388,17385,17401,17399,17397,17383,17383,17403,17403,17409,17391,17397,17385,17372,17369,17375,17377,17376,17388,17388,17381,17369,17379,17378,17375,17388,11881,12871,12269,12263,12893,10458,8321,3646,3649,3646,3646,3743,3742,3767,3785,3784,3784,3786,3713,3552,3486,3560,3552,3708,3713,3728,3811,3812,3807,2822,3436,3434,3687,3693,3839,3839,3461,3461,3556,3388,3388,3387,3388,3387,3389,3391,3386,3383,3381,3383,3381,3384,3383,3383,3384,3386,3384,3381,3381,3383,3383,3316,3318,3331,3449,3449,3448,3452,3446,1824,1823,1821,1820,35
PH59,7140,7142,7143,7138,7137,6725,7284,17380,17376,17392,17390,17389,17375,17377,17391,17391,17391,17396,17388,17381,17363,17361,17366,17369,17370,17377,17377,17369,17370,17371,17370,17365,17377,11878,12870,12268,12260,12886,10455,8313,3643,3644,3643,3643,3739,3739,3764,3782,3783,3783,3781,3712,3548,3482,3555,3551,3706,3709,3726,3808,3807,3804,2822,3434,3432,3687,3690,3835,3835,3459,3458,3554,3384,3384,3384,3384,3384,3386,3386,3383,3380,3380,3380,3380,3381,3380,3380,3380,3381,3380,3380,3380,3379,3380,3313,3315,3328,3446,3447,3446,3448,3446,1820,1820,1820,1819,35
PH54,7141,7143,7145,7139,7140,6727,7287,17387,17383,17399,17397,17396,17382,17382,17400,17402,17397,17388,17406,17382,17370,17368,17373,17376,17372,17384,17384,17377,17369,17378,17377,17373,17384,11877,12869,12265,12262,12886,10455,8318,3643,3644,3643,3643,3739,3739,3764,3782,3781,3781,3781,3710,3548,3482,3555,3549,3706,3709,3726,3808,3807,3804,2823,3434,3434,3688,3691,3835,3835,3460,3459,3554,3384,3384,3384,3384,3384,3386,3386,3383,3380,3378,3380,3378,3381,3380,3380,3380,3381,3380,3378,3378,3379,3380,3313,3315,3328,3446,3447,3446,3448,3446,1820,1820,1818,1817,35
PH38,7143,7145,7147,7141,7140,6722,7287,17392,17388,17388,17386,17385,17389,17389,17388,17391,17385,17381,17382,17414,17377,17375,17380,17381,17379,17392,17392,17386,17380,17385,17384,17379,17392,11886,12874,12270,12261,12898,10454,8313,3645,3647,3645,3645,3741,3741,3766,3784,3783,3783,3784,3712,3550,3484,3558,3551,3708,3712,3728,3810,3810,3806,2822,3435,3433,3687,3692,3837,3837,3461,3460,3556,3386,3386,3386,3386,3386,3388,3389,3385,3382,3380,3382,3380,3383,3382,3382,3382,3384,3383,3380,3380,3382,3382,3315,3317,3330,3448,3449,3448,3451,3446,1822,1822,1819,1819,35
PH125,7148,7150,7151,7145,7144,6725,7289,17394,17395,17391,17393,17386,17392,17395,17376,17378,17372,17363,17370,17377,17407,17396,17395,17391,17393,17396,17396,17381,17376,17398,17393,17375,17392,11895,12876,12264,12266,12899,10454,8319,3646,3648,3646,3650,3746,3742,3771,3789,3784,3784,3785,3715,3556,3483,3556,3556,3711,3711,3731,3811,3811,3807,2826,3436,3434,3691,3692,3842,3838,3465,3461,3560,3392,3392,3391,3388,3387,3392,3389,3389,3386,3384,3386,3380,3386,3386,3383,3387,3385,3383,3381,3381,3382,3383,3316,3318,3331,3453,3452,3448,3451,3445,1822,1820,1817,1817,35
PH135,7147,7149,7150,7145,7144,6726,7323,17391,17392,17388,17389,17385,17390,17392,17373,17375,17369,17361,17368,17375,17396,17515,17392,17389,17391,17392,17392,17378,17374,17395,17390,17373,17388,11893,12874,12261,12264,12897,10452,8318,3646,3647,3646,3650,3746,3743,3772,3789,3784,3784,3784,3717,3554,3482,3555,3556,3711,3710,3731,3810,3809,3806,2825,3435,3433,3691,3691,3841,3837,3466,3461,3561,3391,3391,3391,3387,3387,3392,3388,3389,3386,3384,3386,3380,3386,3386,3383,3386,3384,3383,3381,3381,3382,3383,3316,3318,3331,3453,3453,3449,3451,3446,1821,1820,1817,1817,35
PH114,7149,7151,7152,7146,7145,6726,7290,17397,17399,17395,17396,17390,17396,17398,17379,17381,17375,17366,17373,17380,17395,17392,17471,17450,17456,17458,17458,17443,17438,17409,17404,17388,17403,11894,12875,12261,12263,12896,10454,8319,3645,3647,3645,3649,3745,3748,3771,3788,3783,3783,3784,3716,3555,3484,3557,3555,3711,3711,3731,3811,3811,3807,2825,3436,3434,3691,3693,3842,3838,3465,3461,3559,3392,3392,3391,3388,3387,3393,3390,3389,3386,3384,3386,3380,3386,3386,3383,3387,3385,3383,3381,3381,3382,3383,3316,3318,3331,3452,3451,3447,3450,3445,1823,1823,1819,1819,35
PH144,7147,7149,7150,7147,7144,6726,7289,17403,17400,17393,17394,17389,17396,17398,17381,17383,17377,17369,17376,17381,17391,17389,17450,17490,17449,17454,17450,17439,17435,17406,17405,17387,17403,11888,12876,12260,12259,12896,10450,8314,3645,3646,3645,3645,3741,3751,3767,3784,3783,3783,3783,3712,3551,3483,3556,3551,3706,3709,3726,3810,3809,3807,2821,3436,3434,3687,3692,3836,3836,3461,3460,3556,3387,3387,3387,3387,3387,3389,3389,3386,3383,3381,3383,3380,3383,3383,3383,3383,3384,3383,3381,3381,3382,3383,3316,3318,3331,3448,3448,3448,3450,3446,1822,1823,1820,1819,35
PH139,7149,7151,7152,7147,7146,6727,7290,17396,17397,17393,17394,17389,17395,17399,17377,17379,17376,17370,17372,17379,17393,17391,17456,17449,17467,17461,17462,17447,17444,17408,17403,17385,17401,11895,12876,12263,12266,12899,10453,8319,3646,3647,3646,3650,3745,3749,3771,3789,3784,3784,3784,3717,3555,3484,3557,3556,3711,3710,3731,3811,3810,3807,2826,3436,3434,3691,3692,3841,3837,3465,3460,3560,3391,3391,3391,3387,3387,3393,3389,3389,3386,3384,3386,3380,3386,3386,3383,3386,3384,3383,3381,3381,3382,3383,3317,3318,3331,3452,3452,3448,3450,3446,1822,1823,1819,1819,35
PH34,7153,7155,7159,7149,7149,6730,7294,17402,17399,17399,17398,17391,17396,17399,17399,17409,17388,17377,17384,17392,17396,17392,17458,17454,17461,17500,17489,17468,17457,17410,17409,17396,17431,11892,12882,12278,12267,12921,10461,8321,3646,3649,3646,3646,3743,3751,3768,3785,3785,3785,3787,3714,3552,3485,3559,3552,3708,3714,3728,3812,3813,3808,2823,3437,3435,3688,3695,3839,3839,3462,3462,3557,3388,3388,3387,3388,3387,3389,3391,3386,3384,3382,3384,3381,3384,3384,3384,3385,3387,3385,3382,3382,3384,3384,3317,3318,3331,3449,3448,3448,3452,3446,1823,1823,1819,1819,35
PH40,7153,7155,7158,7149,7149,6730,7294,17398,17399,17399,17398,17395,17399,17399,17398,17408,17388,17377,17384,17392,17396,17392,17458,17450,17462,17489,17494,17469,17450,17410,17405,17396,17430,11895,12879,12278,12268,12915,10460,8325,3646,3649,3646,3650,3747,3751,3772,3789,3785,3785,3787,3718,3556,3485,3559,3556,3712,3714,3732,3811,3812,3807,2827,3437,3435,3692,3695,3843,3839,3466,3462,3561,3392,3392,3391,3388,3387,3393,3391,3389,3387,3385,3387,3381,3387,3387,3384,3388,3387,3385,3382,3382,3384,3384,3317,3318,3331,3453,3452,3448,3452,3446,1823,1823,1819,1819,35
PH37,7147,7149,7152,7145,7144,6726,7292,17387,17384,17384,17383,17381,17384,17384,17392,17398,17381,17369,17377,17386,17381,17378,17443,17439,17447,17468,17469,17469,17443,17395,17394,17390,17412,11884,12871,12270,12260,12902,10457,8316,3646,3649,3646,3646,3742,3749,3767,3785,3784,3784,3786,3713,3552,3485,3559,3552,3708,3714,3728,3810,3811,3806,2822,3435,3433,3686,3693,3839,3839,3461,3461,3556,3388,3388,3387,3388,3387,3389,3391,3386,3383,3381,3383,3380,3383,3383,3383,3384,3386,3384,3381,3381,3383,3383,3317,3318,3331,3449,3448,3448,3452,3446,1823,1823,1819,1819,35
PH32,7142,7144,7145,7141,7140,6724,7285,17383,17379,17379,17378,17374,17377,17382,17375,17375,17369,17370,17369,17380,17376,17374,17438,17435,17444,17457,17450,17443,17457,17392,17391,17383,17394,11882,12873,12264,12262,12894,10450,8311,3642,3643,3642,3642,3737,3745,3763,3781,3782,3782,3780,3711,3548,3481,3554,3551,3705,3708,3725,3808,3807,3804,2821,3434,3432,3686,3689,3834,3834,3459,3458,3554,3383,3383,3383,3383,3383,3385,3385,3382,3379,3379,3379,3378,3379,3379,3379,3379,3380,3379,3379,3379,3378,3379,3313,3314,3327,3446,3446,3446,3448,3446,1819,1820,1818,1818,35
PH119,7155,7152,7153,7148,7152,6727,7291,17401,17401,17397,17399,17393,17399,17402,17382,17384,17379,17371,17378,17385,17398,17395,17409,17406,17408,17410,17410,17395,17392,17442,17437,17400,17415,11895,12893,12264,12267,12899,10452,8319,3646,3647,3646,3650,3745,3742,3771,3789,3784,3784,3784,3722,3555,3484,3557,3556,3711,3710,3731,3811,3810,3807,2826,3436,3434,3691,3692,3841,3837,3465,3460,3560,3391,3391,3391,3387,3387,3393,3389,3389,3386,3384,3386,3380,3386,3386,3383,3386,3384,3383,3381,3381,3382,3383,3316,3318,3331,3452,3452,3448,3450,3446,1822,1823,1819,1819,35
PH136,7155,7152,7153,7148,7152,6727,7291,17400,17396,17392,17394,17388,17394,17397,17381,17383,17378,17370,17377,17384,17393,17390,17404,17405,17403,17409,17405,17394,17391,17437,17439,17399,17414,11890,12892,12263,12262,12898,10451,8315,3646,3647,3646,3646,3741,3742,3767,3785,3784,3784,3784,3718,3551,3484,3557,3552,3707,3710,3727,3811,3810,3807,2822,3436,3434,3687,3692,3837,3837,3461,3460,3556,3387,3387,3387,3387,3387,3389,3389,3386,3383,3381,3383,3380,3383,3383,3383,3383,3384,3383,3381,3381,3382,3383,3316,3318,3331,3448,3448,3448,3450,3446,1822,1823,1819,1819,35
PH31,7146,7148,7149,7145,7144,6724,7290,17382,17378,17378,17377,17376,17379,17379,17377,17378,17375,17365,17373,17379,17375,17373,17388,17387,17385,17396,17396,17390,17383,17400,17399,17407,17407,11885,12871,12260,12260,12891,10451,8317,3645,3646,3645,3645,3740,3741,3766,3784,3783,3783,3783,3712,3550,3483,3556,3551,3705,3708,3725,3809,3808,3805,2822,3436,3434,3686,3691,3836,3836,3461,3460,3556,3386,3386,3386,3386,3386,3388,3388,3385,3382,3380,3382,3379,3382,3382,3382,3382,3383,3382,3380,3380,3381,3382,3315,3317,3330,3448,3448,3448,3450,3446,1821,1822,1818,1818,35
PH36,7153,7155,7158,7149,7149,6729,7295,17398,17395,17395,17394,17391,17395,17395,17397,17407,17388,17377,17384,17392,17392,17388,17403,17403,17401,17431,17430,17412,17394,17415,17414,17407,17442,11891,12879,12277,12264,12914,10460,8321,3646,3649,3646,3646,3743,3744,3768,3785,3785,3785,3787,3714,3552,3485,3559,3552,3708,3714,3728,3811,3812,3807,2823,3437,3435,3688,3695,3839,3839,3462,3462,3557,3388,3388,3387,3388,3387,3389,3391,3386,3384,3382,3384,3381,3384,3384,3384,3385,3387,3385,3382,3382,3384,3384,3316,3318,3331,3449,3448,3448,3452,3446,1823,1823,1819,1819,35
PH110,7101,7103,7105,7096,7096,6830,7689,11889,11892,11888,11889,11887,11893,11892,11878,11881,11881,11878,11877,11886,11895,11893,11894,11888,11895,11892,11895,11884,11882,11895,11890,11885,11891,17178,12219,11663,11662,11962,9733,7988,3627,3629,3627,3631,3737,3732,3752,3861,3856,3856,3857,3797,3528,3451,3528,3528,3744,3744,3771,3928,3927,3926,2838,3449,3447,3663,3664,3806,3802,3457,3453,3609,3398,3397,3396,3393,3392,3397,3394,3418,3421,3419,3421,3415,3421,3421,3419,3423,3420,3418,3417,3417,3417,3418,3355,3357,3378,3552,3551,3547,3550,3544,1832,1830,1827,1827,37
PH122,7280,7266,7264,7266,7268,6907,7486,12877,12874,12876,12874,12870,12873,12876,12868,12872,12871,12870,12869,12874,12876,12874,12875,12876,12876,12882,12879,12871,12873,12893,12892,12871,12879,12219,18063,14150,14146,14429,11006,8374,3538,3539,3538,3538,3725,3727,3752,3737,3736,3736,3737,3685,3467,3398,3472,3469,3659,3662,3685,3774,3772,3771,2829,3391,3390,3654,3657,3807,3807,3356,3355,3507,3341,3341,3341,3341,3341,3342,3342,3348,3342,3340,3342,3339,3342,3342,3342,3342,3343,3342,3340,3340,3341,3342,3269,3272,3280,3418,3418,3418,3420,3416,1773,1772,1769,1769,37
PH26,6957,6960,6961,6957,6956,6544,7313,12262,12260,12267,12265,12263,12261,12261,12273,12275,12269,12268,12265,12270,12264,12261,12261,12260,12263,12278,12278,12270,12264,12264,12263,12260,12277,11663,14150,16710,16683,13286,10273,7837,3617,3621,3617,3617,3762,3762,3792,3867,3866,3866,3869,3812,3547,3478,3553,3547,3678,3684,3705,3930,3930,3927,2822,3495,3493,4070,4066,3772,3770,3443,3443,3546,3387,3387,3386,3387,3386,3387,3389,3408,3391,3389,3391,3388,3391,3391,3391,3392,3394,3392,3389,3389,3391,3391,3333,3336,3347,3502,3501,3501,3505,3498,1849,1847,1844,1844,33
PH27,6954,6957,6957,6956,6955,6538,7311,12261,12262,12269,12267,12263,12261,12264,12262,12263,12263,12260,12262,12261,12266,12264,12263,12259,12266,12267,12268,12260,12262,12267,12262,12260,12264,11662,14146,16683,16693,13277,10267,7839,3616,3618,3616,3620,3764,3761,3795,3871,3866,3866,3867,3816,3548,3475,3549,3549,3678,3677,3705,3928,3926,3925,2825,3492,3490,4071,4061,3771,3765,3447,3442,3547,3389,3389,3389,3385,3385,3390,3386,3410,3394,3392,3394,3388,3394,3394,3391,3394,3392,3391,3389,3389,3390,3391,3332,3335,3346,3504,3504,3500,3502,3497,1848,1847,1844,1844,33
PH33,7132,7133,7134,7126,7127,6698,7306,12897,12896,12896,12893,12888,12894,12896,12896,12903,12893,12886,12886,12898,12899,12897,12896,12896,12899,12921,12915,12902,12894,12899,12898,12891,12914,11962,14429,13286,13277,17162,10659,8165,3505,3508,3505,3505,3674,3674,3696,3677,3677,3677,3680,3616,3414,3343,3420,3414,3622,3628,3646,3745,3746,3745,2791,3383,3382,3587,3592,3715,3715,3290,3290,3437,3266,3266,3265,3266,3265,3266,3268,3270,3278,3276,3278,3275,3278,3278,3278,3279,3281,3279,3276,3276,3278,3278,3211,3214,3225,3356,3355,3355,3359,3353,1748,1746,1743,1743,39
PH8,7650,7648,7650,7645,7646,7326,7743,10451,10450,10459,10455,10453,10451,10450,10460,10461,10458,10455,10455,10454,10454,10452,10454,10450,10453,10461,10460,10457,10450,10452,10451,10451,10460,9733,11006,10273,10267,10659,18172,9597,3586,3589,3586,3586,3659,3659,3689,3828,3827,3827,3829,3757,3556,3477,3557,3554,3719,3723,3745,3792,3791,3790,2850,3449,3448,3704,3708,3920,3919,3439,3441,3572,3455,3455,3454,3456,3455,3454,3455,3469,3446,3444,3446,3443,3446,3446,3446,3447,3448,3446,3444,3444,3445,3446,3377,3379,3395,3466,3465,3466,3468,3463,1816,1814,1811,1811,37
PH49,5730,5729,5731,5725,5724,5520,5904,8315,8320,8325,8321,8320,8319,8319,8318,8320,8321,8313,8318,8313,8319,8318,8319,8314,8319,8321,8325,8316,8311,8319,8315,8317,8321,7988,8374,7837,7839,8165,9597,13955,3607,3610,3607,3611,3786,3782,3799,3835,3831,3831,3831,3781,3638,3550,3640,3642,3758,3758,3772,3839,3838,3835,2893,3554,3553,3708,3707,3833,3826,3486,3484,3692,3414,3414,3413,3410,3409,3413,3410,3415,3374,3373,3374,3368,3374,3374,3372,3376,3374,3371,3370,3370,3371,3371,3333,3335,3352,3593,3592,3588,3591,3586,1857,1855,1852,1852,36
PH108,3307,3307,3308,3306,3305,3104,3568,3645,3645,3646,3646,3646,3645,3645,3645,3646,3646,3643,3643,3645,3646,3646,3645,3645,3646,3646,3646,3646,3642,3646,3646,3645,3646,3627,3538,3617,3616,3505,3586,3607,7588,7577,7578,7578,3770,3770,3754,3685,3684,3684,3683,3623,3587,3507,3590,3589,3441,3443,3448,3701,3700,3699,2854,3432,3430,3616,3615,3560,3560,3524,3523,3849,3379,3379,3379,3379,3379,3379,3379,3382,3354,3352,3354,3351,3354,3354,3355,3354,3354,3354,3352,3352,3353,3354,3367,3368,3388,3664,3664,3664,3665,3661,1928,1929,1926,1926,41
PH7,3308,3308,3309,3306,3305,3105,3570,3646,3647,3648,3648,3647,3646,3646,3648,3649,3649,3644,3644,3647,3648,3647,3647,3646,3647,3649,3649,3649,3643,3647,3647,3646,3649,3629,3539,3621,3618,3508,3589,3610,7577,7592,7581,7577,3772,3771,3755,3687,3686,3686,3687,3625,3590,3510,3594,3591,3441,3445,3448,3701,3702,3699,2855,3432,3430,3618,3618,3563,3563,3524,3524,3850,3381,3381,3380,3381,3380,3380,3382,3383,3355,3353,3355,3352,3355,3355,3356,3356,3358,3356,3353,3353,3355,3355,3368,3370,3389,3665,3664,3664,3668,3661,1930,1930,1927,1927,41
PH22,3307,3307,3308,3306,3305,3104,3568,3645,3645,3646,3646,3646,3645,3645,3645,3646,3646,3643,3643,3645,3646,3646,3645,3645,3646,3646,3646,3646,3642,3646,3646,3645,3646,3627,3538,3617,3616,3505,3586,3607,7578,7581,7585,7578,3770,3770,3754,3685,3684,3684,3683,3623,3587,3507,3590,3589,3441,3443,3448,3701,3700,3699,2854,3432,3430,3616,3615,3560,3560,3524,3523,3849,3379,3379,3379,3379,3379,3379,3379,3382,3354,3352,3354,3351,3354,3354,3355,3354,3354,3354,3352,3352,3353,3354,3367,3368,3388,3664,3664,3664,3665,3661,1928,1929,1926,1926,41
PH128,3307,3307,3308,3306,3305,3104,3568,3645,3649,3650,3650,3650,3649,3649,3645,3646,3646,3643,3643,3645,3650,3650,3649,3645,3650,3646,3650,3646,3642,3650,3646,3645,3646,3631,3538,3617,3620,3505,3586,3611,7578,7577,7578,7585,3774,3770,3758,3689,3684,3684,3683,3627,3591,3507,3590,3593,3445,3443,3452,3701,3700,3699,2858,3432,3430,3620,3615,3564,3560,3528,3523,3853,3383,3383,3383,3379,3379,3383,3379,3385,3357,3355,3357,3351,3357,3357,3355,3357,3354,3354,3352,3352,3353,3354,3367,3368,3388,3668,3668,3664,3665,3661,1928,1929,1926,1926,41
PH132,3330,3327,3328,3324,3323,2980,3640,3742,3747,3747,3747,3746,3746,3746,3742,3744,3743,3739,3739,3741,3746,3746,3745,3741,3745,3743,3747,3742,3737,3745,3741,3740,3743,3737,3725,3762,3764,3674,3659,3786,3770,3772,3770,3774,7447,7433,7049,3766,3761,3761,3760,3744,3604,3572,3634,3631,3600,3598,3608,3650,3649,3651,2840,3762,3760,3948,3949,3703,3696,3733,3727,3688,3494,3494,3490,3487,3486,3493,3487,3478,3450,3448,3450,3445,3448,3450,3447,3451,3449,3447,3442,3442,3447,3447,3426,3432,3465,3591,3591,3583,3589,3580,1878,1878,1875,1875,38
PH3,3326,3323,3324,3320,3320,2979,3635,3742,3742,3742,3742,3742,3742,3742,3741,3744,3742,3739,3739,3741,3742,3743,3748,3751,3749,3751,3751,3749,3745,3742,3742,3741,3744,3732,3727,3762,3761,3674,3659,3782,3770,3771,3770,3770,7433,7563,7040,3762,3762,3762,3760,3741,3596,3570,3629,3627,3596,3597,3604,3650,3648,3651,2853,3761,3759,3945,3950,3695,3695,3728,3725,3683,3486,3486,3486,3486,3486,3486,3486,3472,3445,3443,3445,3442,3445,3445,3445,3445,3446,3445,3443,3443,3445,3445,3426,3429,3462,3581,3581,3581,3583,3578,1876,1877,1874,1874,38
PH99,3359,3356,3357,3355,3353,3034,3692,3767,3771,3771,3771,3771,3771,3771,3766,3768,3767,3764,3764,3766,3771,3772,3771,3767,3771,3768,3772,3767,3763,3771,3767,3766,3768,3752,3752,3792,3795,3696,3689,3799,3754,3755,3754,3758,7049,7040,7543,3767,3762,3762,3760,3741,3626,3593,3655,3654,3559,3556,3568,3656,3654,3655,2836,3799,3797,4013,4013,3657,3650,3707,3701,3698,3515,3515,3512,3508,3508,3515,3508,3505,3533,3531,3533,3527,3530,3533,3530,3533,3531,3530,3525,3525,3530,3530,3460,3466,3499,3597,3597,3590,3595,3587,1880,1881,1878,1878,39
PH100,3928,3929,3929,3926,3923,3616,4783,3784,3788,3789,3789,3789,3788,3788,3784,3785,3785,3782,3782,3784,3789,3789,3788,3784,3789,3785,3789,3785,3781,3789,3785,3784,3785,3861,3737,3867,3871,3677,3828,3835,3685,3687,3685,3689,3766,3762,3767,8780,8751,8753,8756,7064,4652,4611,4823,4827,3751,3748,3758,5048,5047,5045,3315,3681,3679,3814,3814,3737,3733,3758,3753,3775,3494,3494,3494,3490,3490,3494,3490,3498,3564,3562,3564,3558,3564,3564,3561,3564,3562,3561,3559,3559,3561,3561,3522,3524,3552,3687,3687,3684,3685,3680,1985,1986,1983,1983,47
PH21,3928,3929,3929,3925,3923,3615,4779,3783,3783,3784,3784,3784,3783,3783,3783,3785,3784,3783,3781,3783,3784,3784,3783,3783,3784,3785,3785,3784,3782,3784,3784,3783,3785,3856,3736,3866,3866,3677,3827,3831,3684,3686,3684,3684,3761,3762,3762,8751,8772,8764,8764,7059,4645,4608,4820,4822,3746,3747,3753,5043,5042,5040,3313,3681,3679,3811,3813,3732,3732,3754,3753,3771,3489,3489,3489,3489,3489,3489,3489,3494,3561,3561,3561,3560,3561,3561,3561,3561,3562,3561,3561,3561,3561,3561,3521,3523,3551,3682,3682,3683,3684,3681,1984,1985,1984,1984,47
PH4,3930,3931,3931,3927,3925,3615,4783,3783,3783,3784,3784,3784,3783,3783,3783,3785,3784,3783,3781,3783,3784,3784,3783,3783,3784,3785,3785,3784,3782,3784,3784,3783,3785,3856,3736,3866,3866,3677,3827,3831,3684,3686,3684,3684,3761,3762,3762,8753,8764,8778,8767,7064,4645,4606,4816,4819,3746,3747,3753,5047,5047,5044,3313,3681,3679,3811,3813,3732,3732,3754,3753,3771,3489,3489,3489,3489,3489,3489,3489,3494,3561,3561,3561,3560,3561,3561,3561,3561,3562,3561,3561,3561,3561,3561,3521,3523,3551,3682,3682,3683,3685,3681,1984,1985,1984,1984,47
PH56,3934,3935,3935,3930,3928,3619,4788,3783,3784,3785,3785,3784,3783,3783,3785,3787,3786,3781,3781,3784,3785,3784,3784,3783,3784,3787,3787,3786,3780,3784,3784,3783,3787,3857,3737,3869,3867,3680,3829,3831,3683,3687,3683,3683,3760,3760,3760,8756,8764,8767,8783,7060,4646,4609,4823,4820,3744,3747,3751,5048,5050,5045,3309,3681,3679,3808,3813,3733,3733,3756,3756,3769,3490,3490,3489,3490,3489,3489,3491,3494,3563,3561,3563,3560,3563,3563,3563,3564,3566,3564,3561,3561,3564,3563,3523,3525,3553,3681,3680,3681,3685,3677,1987,1987,1984,1984,47
PH50,3887,3883,3883,3879,3882,3692,4519,3712,3716,3717,3717,3717,3716,3716,3712,3714,3713,3712,3710,3712,3715,3717,3716,3712,3717,3714,3718,3713,3711,3722,3718,3712,3714,3797,3685,3812,3816,3616,3757,3781,3623,3625,3623,3627,3744,3741,3741,7064,7059,7064,7060,8653,4098,3890,4100,4104,3741,3738,3745,4831,4830,4829,3436,3610,3608,3761,3759,3676,3672,3595,3590,3647,3443,3443,3443,3439,3440,3443,3439,3431,3467,3467,3467,3463,3467,3467,3464,3467,3465,3464,3464,3464,3464,3464,3430,3432,3460,3632,3632,3629,3631,3626,1974,1975,1974,1974,44
PH138,3273,3273,3274,3272,3269,2934,3480,3551,3556,3556,3556,3555,3555,3555,3551,3552,3552,3548,3548,3550,3556,3554,3555,3551,3555,3552,3556,3552,3548,3555,3551,3550,3552,3528,3467,3547,3548,3414,3556,3638,3587,3590,3587,3591,3604,3596,3626,4652,4645,4645,4646,4098,7292,6897,7112,7106,3623,3622,3634,4233,4232,4230,2942,3676,3674,3633,3633,3709,3700,3970,3966,3655,3453,3453,3449,3446,3445,3452,3446,3439,3438,3436,3438,3432,3435,3438,3435,3439,3437,3435,3430,3430,3434,3435,3403,3408,3421,3560,3559,3553,3558,3549,1917,1917,1914,1914,42
PH18,3211,3207,3208,3205,3203,2858,3416,3484,3485,3486,3486,3485,3484,3484,3485,3486,3486,3482,3482,3484,3483,3482,3484,3483,3484,3485,3485,3485,3481,3484,3484,3483,3485,3451,3398,3478,3475,3343,3477,3550,3507,3510,3507,3507,3572,3570,3593,4611,4608,4606,4609,3890,6897,7206,7204,7107,3533,3536,3544,4153,4152,4146,2853,3604,3602,3548,3552,3651,3649,3906,3906,3574,3367,3367,3366,3367,3366,3367,3368,3355,3357,3355,3357,3355,3358,3357,3357,3358,3359,3357,3355,3355,3356,3357,3324,3326,3339,3469,3469,3469,3471,3465,1902,1903,1900,1900,42
PH35,3276,3272,3273,3270,3268,2936,3484,3557,3558,3559,3559,3558,3557,3557,3559,3560,3560,3555,3555,3558,3556,3555,3557,3556,3557,3559,3559,3559,3554,3557,3557,3556,3559,3528,3472,3553,3549,3420,3557,3640,3590,3594,3590,3590,3634,3629,3655,4823,4820,4816,4823,4100,7112,7204,7427,7322,3622,3626,3633,4238,4238,4231,2943,3677,3675,3632,3636,3740,3735,3972,3972,3653,3450,3450,3446,3447,3446,3450,3449,3437,3436,3434,3436,3434,3434,3436,3436,3437,3439,3437,3431,3431,3436,3436,3404,3409,3422,3558,3558,3555,3561,3551,1918,1919,1916,1916,42
PH23,3268,3264,3265,3263,3261,2934,3476,3551,3555,3556,3556,3556,3555,3555,3551,3552,3552,3551,3549,3551,3556,3556,3555,3551,3556,3552,3556,3552,3551,3556,3552,3551,3552,3528,3469,3547,3549,3414,3554,3642,3589,3591,3589,3593,3631,3627,3654,4827,4822,4819,4820,4104,7106,7107,7322,7405,3622,3620,3633,4233,4231,4226,2943,3676,3674,3636,3632,3736,3732,3970,3965,3654,3448,3448,3448,3444,3444,3448,3444,3435,3434,3434,3434,3430,3434,3434,3431,3434,3432,3431,3431,3431,3430,3431,3402,3404,3417,3555,3555,3552,3553,3550,1914,1915,1914,1914,42
PH104,4283,4283,4282,4280,4279,4733,4554,3706,3710,3711,3711,3711,3710,3710,3708,3708,3708,3706,3706,3708,3711,3711,3711,3706,3711,3708,3712,3708,3705,3711,3707,3705,3708,3744,3659,3678,3678,3622,3719,3758,3441,3441,3441,3445,3600,3596,3559,3751,3746,3746,3744,3741,3623,3533,3622,3622,9390,9376,9229,3719,3718,3717,2926,3628,3626,3569,3568,4052,4044,3785,3781,3709,3458,3458,3458,3454,3454,3458,3454,3521,3527,3525,3527,3521,3527,3527,3524,3527,3524,3524,3522,3522,3523,3524,3496,3497,3529,3631,3631,3627,3628,3624,1965,1965,1963,1963,41
PH1,4283,4283,4284,4279,4278,4733,4558,3709,3710,3711,3711,3710,3709,3709,3714,3714,3713,3709,3709,3712,3711,3710,3711,3709,3710,3714,3714,3714,3708,3710,3710,3708,3714,3744,3662,3684,3677,3628,3723,3758,3443,3445,3443,3443,3598,3597,3556,3748,3747,3747,3747,3738,3622,3536,3626,3620,9376,9400,9228,3720,3721,3718,2923,3629,3627,3566,3571,4049,4045,3783,3783,3706,3456,3456,3455,3456,3455,3455,3457,3519,3526,3524,3526,3523,3526,3526,3526,3527,3528,3527,3524,3524,3526,3526,3498,3499,3531,3629,3628,3628,3631,3625,1966,1965,1963,1963,41
PH112,4297,4297,4297,4294,4293,4751,4580,3726,3730,3731,3731,3731,3730,3730,3728,3728,3728,3726,3726,3728,3731,3731,3731,3726,3731,3728,3732,3728,3725,3731,3727,3725,3728,3771,3685,3705,3705,3646,3745,3772,3448,3448,3448,3452,3608,3604,3568,3758,3753,3753,3751,3745,3634,3544,3633,3633,9229,9228,9440,3707,3706,3705,2925,3643,3641,3569,3568,4050,4042,3779,3774,3698,3451,3451,3451,3447,3447,3451,3447,3513,3524,3522,3524,3518,3524,3524,3521,3524,3521,3521,3519,3519,3520,3521,3492,3493,3526,3616,3616,3612,3613,3609,1964,1964,1962,1962,41
PH129,3881,3882,3884,3879,3875,3764,4643,3810,3810,3811,3811,3811,3810,3810,3809,3811,3811,3808,3808,3810,3811,3810,3811,3810,3811,3812,3811,3810,3808,3811,3811,3809,3811,3928,3774,3930,3928,3745,3792,3839,3701,3701,3701,3701,3650,3650,3656,5048,5043,5047,5048,4831,4233,4153,4238,4233,3719,3720,3707,8791,8768,8756,2858,3656,3654,3712,3714,3663,3661,3555,3554,3633,3535,3535,3535,3535,3535,3535,3535,3527,3524,3522,3524,3521,3524,3524,3524,3524,3524,3524,3522,3522,3523,3525,3514,3515,3537,3541,3541,3541,3542,3537,1963,1964,1961,1961,35
PH58,3880,3881,3883,3877,3873,3762,4643,3809,3810,3811,3811,3810,3809,3809,3810,3812,3812,3807,3807,3810,3811,3809,3811,3809,3810,3813,3812,3811,3807,3810,3810,3808,3812,3927,3772,3930,3926,3746,3791,3838,3700,3702,3700,3700,3649,3648,3654,5047,5042,5047,5050,4830,4232,4152,4238,4231,3718,3721,3706,8768,8802,8750,2858,3657,3655,3712,3716,3663,3661,3555,3555,3631,3534,3534,3533,3534,3533,3533,3535,3525,3522,3520,3522,3519,3522,3522,3522,3523,3525,3523,3520,3520,3522,3523,3512,3514,3535,3539,3538,3538,3542,3535,1964,1964,1961,1961,35
PH145,3878,3879,3881,3877,3872,3762,4640,3807,3807,3807,3807,3807,3807,3807,3805,3807,3807,3804,3804,3806,3807,3806,3807,3807,3807,3808,3807,3806,3804,3807,3807,3805,3807,3926,3771,3927,3925,3745,3790,3835,3699,3699,3699,3699,3651,3651,3655,5045,5040,5044,5045,4829,4230,4146,4231,4226,3717,3718,3705,8756,8750,8828,2853,3653,3651,3707,3709,3662,3660,3552,3551,3631,3531,3531,3531,3531,3531,3531,3531,3525,3522,3520,3522,3519,3522,3522,3522,3522,3522,3522,3520,3520,3521,3523,3512,3513,3535,3542,3542,3542,3543,3538,1963,1964,1961,1961,35
PH121,2766,2767,2767,2764,2765,2847,2842,2821,2825,2826,2826,2826,2825,2825,2822,2824,2822,2822,2823,2822,2826,2825,2825,2821,2826,2823,2827,2822,2821,2826,2822,2822,2823,2838,2829,2822,2825,2791,2850,2893,2854,2855,2854,2858,2840,2853,2836,3315,3313,3313,3309,3436,2942,2853,2943,2943,2926,2923,2925,2858,2858,2853,7039,2908,2908,3030,3026,2920,2907,2931,2927,2978,2834,2834,2831,2827,2827,2834,2827,2856,2850,2850,2850,2846,2847,2850,2847,2850,2848,2847,2844,2844,2847,2846,2832,2837,2852,2914,2914,2906,2911,2907,1290,1290,1289,1289,36
PH137,3202,3202,3203,3202,3201,2859,3426,3436,3436,3436,3436,3436,3436,3436,3436,3436,3436,3434,3434,3435,3436,3435,3436,3436,3436,3437,3437,3435,3434,3436,3436,3436,3437,3449,3391,3495,3492,3383,3449,3554,3432,3432,3432,3432,3762,3761,3799,3681,3681,3681,3681,3610,3676,3604,3677,3676,3628,3629,3643,3656,3657,3653,2908,7341,7325,4274,4277,3583,3583,3757,3756,3844,3455,3455,3455,3455,3455,3455,3455,3439,3455,3453,3455,3452,3455,3455,3455,3455,3455,3455,3453,3453,3454,3455,3418,3420,3448,3488,3488,3488,3489,3485,1865,1866,1863,1863,40
PH13,3199,3199,3200,3199,3200,2859,3424,3434,3434,3434,3434,3434,3434,3434,3434,3434,3434,3432,3434,3433,3434,3433,3434,3434,3434,3435,3435,3433,3432,3434,3434,3434,3435,3447,3390,3493,3490,3382,3448,3553,3430,3430,3430,3430,3760,3759,3797,3679,3679,3679,3679,3608,3674,3602,3675,3674,3626,3627,3641,3654,3655,3651,2908,7325,7340,4274,4275,3581,3581,3755,3754,3842,3453,3453,3453,3453,3453,3453,3453,3437,3453,3451,3453,3450,3453,3453,3453,3453,3453,3453,3451,3451,3452,3453,3416,3418,3446,3486,3486,3486,3487,3485,1864,1864,1861,1861,40
PH15,3396,3396,3397,3394,3395,3028,3611,3687,3692,3691,3691,3691,3691,3691,3686,3689,3687,3687,3688,3687,3691,3691,3691,3687,3691,3688,3692,3686,3686,3691,3687,3686,3688,3663,3654,4070,4071,3587,3704,3708,3616,3618,3616,3620,3948,3945,4013,3814,3811,3811,3808,3761,3633,3548,3632,3636,3569,3566,3569,3712,3712,3707,3030,4274,4274,7902,7869,3674,3671,3726,3722,3760,3431,3431,3431,3427,3427,3431,3427,3425,3419,3419,3419,3415,3419,3419,3416,3419,3417,3416,3416,3416,3415,3416,3382,3385,3421,3574,3574,3570,3572,3571,1902,1903,1902,1902,37
PH9,3399,3399,3400,3396,3395,3028,3616,3692,3694,3693,3693,3692,3692,3692,3693,3696,3693,3690,3691,3692,3692,3691,3693,3692,3692,3695,3695,3693,3689,3692,3692,3691,3695,3664,3657,4066,4061,3592,3708,3707,3615,3618,3615,3615,3949,3950,4013,3814,3813,3813,3813,3759,3633,3552,3636,3632,3568,3571,3568,3714,3716,3709,3026,4277,4275,7869,7891,3675,3676,3725,3726,3758,3432,3432,3431,3432,3431,3431,3432,3426,3420,3418,3420,3417,3420,3420,3420,3421,3423,3420,3418,3418,3419,3420,3386,3390,3425,3575,3574,3574,3577,3572,1908,1908,1905,1905,37
PH115,4767,4764,4763,4757,4760,5425,4832,3836,3841,3842,3842,3841,3840,3840,3838,3839,3839,3835,3835,3837,3842,3841,3842,3836,3841,3839,3843,3839,3834,3841,3837,3836,3839,3806,3807,3772,3771,3715,3920,3833,3560,3563,3560,3564,3703,3695,3657,3737,3732,3732,3733,3676,3709,3651,3740,3736,4052,4049,4050,3663,3663,3662,2920,3583,3581,3674,3675,10396,10380,4209,4207,3686,4640,4640,4636,4633,4632,4639,4633,4354,3645,3643,3645,3639,3642,3645,3642,3647,3644,3642,3637,3637,3641,3643,3584,3590,3608,3584,3583,3577,3582,3574,1924,1923,1920,1920,35
PH11,4763,4760,4759,4753,4756,5417,4825,3836,3837,3838,3838,3837,3836,3836,3838,3839,3839,3835,3835,3837,3838,3837,3838,3836,3837,3839,3839,3839,3834,3837,3837,3836,3839,3802,3807,3770,3765,3715,3919,3826,3560,3563,3560,3560,3696,3695,3650,3733,3732,3732,3733,3672,3700,3649,3735,3732,4044,4045,4042,3661,3661,3660,2907,3583,3581,3671,3676,10380,10383,4200,4202,3681,4634,4634,4633,4634,4633,4633,4634,4349,3640,3638,3640,3637,3640,3640,3640,3642,3642,3640,3638,3638,3639,3641,3585,3588,3606,3578,3577,3578,3580,3575,1925,1924,1921,1921,35
PH116,3205,3205,3206,3201,3201,2858,3592,3461,3465,3465,3465,3465,3465,3465,3461,3463,3461,3459,3460,3461,3465,3466,3465,3461,3465,3462,3466,3461,3459,3465,3461,3461,3462,3457,3356,3443,3447,3290,3439,3486,3524,3524,3524,3528,3733,3728,3707,3758,3754,3754,3756,3595,3970,3906,3972,3970,3785,3783,3779,3555,3555,3552,2931,3757,3755,3726,3725,4209,4200,7257,7232,4164,3583,3583,3583,3579,3579,3583,3579,3557,3575,3573,3575,3569,3575,3575,3572,3575,3572,3572,3570,3570,3571,3572,3535,3537,3541,3577,3577,3573,3574,3570,1945,1946,1943,1943,38
PH140,3201,3201,3202,3198,3196,2857,3591,3460,3461,3461,3461,3460,3460,3460,3461,3463,3461,3458,3459,3460,3461,3461,3461,3460,3460,3462,3462,3461,3458,3460,3460,3460,3462,3453,3355,3443,3442,3290,3441,3484,3523,3524,3523,3523,3727,3725,3701,3753,3753,3753,3756,3590,3966,3906,3972,3965,3781,3783,3774,3554,3555,3551,2927,3756,3754,3722,3726,4207,4202,7232,7255,4160,3580,3580,3579,3580,3579,3579,3580,3554,3570,3568,3570,3567,3570,3570,3570,3571,3571,3570,3568,3568,3569,3570,3534,3536,3540,3574,3573,3574,3575,3570,1946,1946,1943,1943,38
