,PH130,PH133,PH2,PH25,PH14,PH117,PH51,PH102,PH120,PH123,PH124,PH126,PH127,PH143,PH48,PH55,PH6,PH59,PH54,PH38,PH125,PH135,PH114,PH144,PH139,PH34,PH40,PH37,PH32,PH119,PH136,PH31,PH36,PH110,PH122,PH26,PH27,PH33,PH8,PH49,PH108,PH7,PH22,PH128,PH132,PH3,PH99,PH100,PH21,PH4,PH56,PH50,PH138,PH18,PH35,PH23,PH104,PH1,PH112,PH129,PH58,PH145,PH121,PH137,PH13,PH15,PH9,PH115,PH11,PH116,PH140,PH24,PH101,PH107,PH43,PH42,PH60,PH16,PH57,PH118,PH103,PH28,PH105,PH61,PH63,PH109,PH97,PH141,PH41,PH46,PH17,PH30,PH44,PH29,PH45,PH47,PH111,PH106,PH113,PH19,PH39,PH52,PH131,PH134,PH62,PH20,PH5
PH130,85919,85780,85785,85681,85746,18813,17601,8063,8063,8063,8063,8061,8063,8065,8060,8064,8062,8059,8060,8061,8070,8067,8017,8000,8016,8020,8020,8014,8013,8054,8054,8064,8070,8036,7749,8043,8041,8226,8772,7085,5024,5023,5024,5024,4984,4864,4993,5228,5238,5244,5244,5458,4881,4724,4713,4713,6005,6004,6009,5520,5522,5516,4999,5005,5004,5082,5091,6407,6403,4924,4921,4979,4889,4889,4886,4886,4884,4889,4888,4983,4860,4860,4859,4861,4858,4861,4859,4861,4859,4859,4858,4858,4860,4860,4796,4799,4812,4903,4902,4900,4902,4897,5094,5095,4978,5096,5217
PH133,85780,85963,85914,85772,85834,18876,17670,8136,8136,8136,8136,8134,8136,8138,8133,8137,8135,8132,8133,8134,8143,8140,8090,8073,8089,8093,8093,8087,8086,8122,8122,8137,8143,8109,7806,8117,8115,8298,8841,7155,5095,5094,5095,5095,5052,4932,5061,5300,5310,5316,5316,5525,4952,4791,4780,4780,6076,6075,6080,5592,5594,5588,5071,5076,5075,5153,5162,6475,6471,4995,4992,5050,4960,4960,4957,4957,4955,4960,4959,5054,4931,4931,4930,4932,4929,4932,4930,4932,4930,4930,4929,4929,4931,4931,4867,4870,4883,4974,4973,4971,4973,4968,5166,5167,5050,5168,5288
PH2,85785,85914,86070,85814,85881,18881,17684,8132,8132,8132,8132,8130,8132,8134,8130,8135,8132,8128,8130,8131,8139,8136,8086,8069,8085,8092,8091,8085,8082,8118,8118,8133,8141,8106,7799,8113,8110,8294,8838,7152,5091,5090,5091,5091,5048,4928,5057,5295,5305,5311,5311,5520,4948,4787,4776,4776,6070,6071,6075,5589,5591,5585,5066,5072,5071,5149,5158,6469,6465,4991,4988,5045,4955,4955,4952,4952,4950,4955,4954,5050,4927,4927,4926,4928,4925,4928,4926,4928,4927,4926,4925,4925,4928,4927,4863,4867,4879,4970,4969,4967,4970,4964,5161,5162,5045,5163,5283
PH25,85681,85772,85814,85887,85826,18833,17623,8093,8092,8090,8090,8089,8093,8095,8088,8090,8089,8087,8088,8089,8097,8095,8044,8030,8044,8046,8046,8042,8042,8077,8077,8093,8096,8061,7765,8073,8073,8250,8797,7110,5053,5051,5053,5053,5008,4888,5019,5256,5265,5271,5270,5480,4910,4748,4737,4738,6032,6030,6036,5548,5549,5545,5027,5035,5034,5110,5118,6427,6423,4950,4948,5008,4918,4918,4916,4915,4914,4919,4917,5013,4888,4888,4887,4889,4886,4889,4887,4888,4886,4887,4886,4886,4888,4888,4826,4829,4842,4931,4931,4929,4930,4926,5124,5126,5009,5127,5247
PH14,85746,85834,85881,85826,85946,18865,17658,8124,8123,8123,8123,8122,8124,8126,8121,8124,8122,8120,8123,8122,8130,8128,8077,8061,8077,8080,8080,8075,8075,8115,8115,8126,8130,8095,7801,8106,8106,8285,8832,7143,5086,5084,5086,5086,5041,4922,5051,5287,5297,5303,5302,5517,4941,4780,4769,4770,6065,6063,6069,5578,5579,5574,5062,5068,5069,5145,5151,6464,6460,4984,4980,5040,4950,4950,4948,4947,4946,4951,4949,5046,4922,4922,4921,4923,4920,4923,4921,4922,4921,4921,4920,4920,4923,4922,4858,4862,4874,4963,4963,4961,4962,4960,5155,5157,5040,5158,5281
PH117,18813,18876,18881,18833,18865,42572,18643,7999,7998,8000,7999,7999,8000,8001,8000,8000,8001,8001,8003,7997,8004,8003,7951,7936,7951,7954,7954,7950,7952,7983,7983,7999,8003,8122,7733,7987,7982,8149,8805,7232,5178,5177,5178,5178,4991,4874,5025,5273,5282,5286,5286,5620,4899,4728,4730,4736,6812,6811,6820,5760,5761,5757,5437,5019,5021,5071,5077,7422,7414,4934,4934,5006,5150,5149,5147,5146,5145,5152,5150,5298,4990,4992,4990,4993,4989,4990,4990,4991,4989,4990,4990,4990,4990,4991,4871,4873,4870,4850,4850,4849,4850,4846,5050,5054,4938,5056,5580
PH51,17601,17670,17684,17623,17658,18643,33961,7986,7986,7987,7987,7986,7987,7988,7988,7988,7989,7984,7987,7986,7992,8024,7939,7923,7938,7942,7942,7940,7937,7971,7971,7989,7993,8405,7736,8180,8179,8181,8646,7040,5066,5066,5066,5066,5075,4954,5107,5864,5870,5878,5879,5871,4869,4710,4702,4702,6057,6060,6073,6063,6066,6059,4856,5010,5010,5078,5089,6253,6246,5092,5092,5058,4793,4793,4790,4790,4788,4795,4795,4870,4766,4766,4766,4766,4764,4766,4766,4768,4768,4767,4765,4765,4770,4767,4698,4702,4700,4836,4835,4834,4836,4827,4966,4968,4851,4968,5003
PH102,8063,8136,8132,8093,8124,7999,7986,17809,17801,17787,17789,17783,17792,17795,17777,17778,17772,17767,17774,17778,17784,17779,17733,17724,17731,17737,17733,17722,17722,17768,17767,17768,17783,12292,12814,12816,12816,13459,11041,9138,4830,4829,4830,4830,4864,4748,4869,4552,4561,4565,4561,4751,4627,4465,4462,4464,4896,4898,4906,4917,4919,4913,4522,4707,4707,4841,4852,4944,4944,4648,4648,4757,4322,4322,4322,4321,4320,4324,4324,4309,4279,4279,4279,4280,4280,4279,4279,4279,4279,4279,4279,4279,4279,4280,4257,4259,4265,4525,4526,4525,4525,4520,4618,4623,4506,4623,4690
PH120,8063,8136,8132,8092,8123,7998,7986,17801,17811,17789,17790,17784,17793,17795,17774,17775,17769,17763,17770,17774,17785,17780,17735,17721,17732,17734,17734,17719,17718,17768,17763,17764,17780,12295,12811,12814,12817,13458,11040,9143,4830,4830,4830,4834,4869,4748,4873,4556,4561,4565,4562,4755,4632,4466,4463,4468,4900,4899,4910,4917,4920,4913,4526,4707,4707,4846,4854,4949,4945,4652,4649,4761,4327,4327,4326,4322,4320,4328,4325,4312,4282,4282,4282,4280,4283,4282,4279,4283,4280,4279,4279,4279,4279,4280,4257,4259,4265,4530,4530,4525,4526,4520,4619,4623,4506,4623,4690
PH123,8063,8136,8132,8090,8123,8000,7987,17787,17789,17807,17802,17796,17786,17788,17790,17790,17785,17779,17786,17774,17781,17776,17731,17714,17728,17734,17734,17719,17718,17764,17759,17764,17780,12291,12813,12821,12824,13458,11049,9148,4831,4831,4831,4835,4869,4748,4873,4557,4562,4566,4563,4756,4632,4467,4464,4469,4901,4900,4911,4918,4921,4913,4527,4707,4707,4845,4853,4950,4946,4652,4649,4761,4327,4327,4326,4322,4320,4328,4325,4312,4282,4282,4282,4280,4283,4282,4279,4283,4280,4279,4279,4279,4279,4280,4257,4259,4265,4530,4530,4525,4526,4520,4619,4623,4506,4623,4690
PH124,8063,8136,8132,8090,8123,7999,7987,17789,17790,17802,17805,17798,17787,17790,17788,17789,17783,17777,17784,17772,17783,17777,17732,17715,17729,17733,17733,17718,17717,17766,17761,17763,17779,12292,12811,12819,12822,13455,11045,9144,4831,4831,4831,4835,4869,4748,4873,4557,4562,4566,4563,4756,4632,4467,4464,4469,4901,4900,4911,4918,4921,4913,4527,4707,4707,4845,4853,4950,4946,4652,4649,4761,4327,4327,4326,4322,4320,4328,4325,4312,4282,4282,4282,4280,4283,4282,4279,4283,4280,4279,4279,4279,4279,4280,4257,4259,4265,4530,4530,4525,4526,4520,4619,4623,4506,4623,4690
PH126,8061,8134,8130,8089,8122,7999,7986,17783,17784,17796,17798,17799,17785,17784,17785,17787,17781,17776,17783,17771,17776,17773,17726,17710,17724,17726,17730,17716,17713,17760,17755,17762,17776,12290,12807,12817,12818,13450,11043,9143,4831,4830,4831,4835,4868,4748,4873,4557,4562,4566,4562,4756,4631,4466,4463,4469,4901,4899,4911,4918,4920,4913,4527,4707,4707,4845,4852,4949,4945,4652,4648,4761,4326,4326,4326,4321,4320,4328,4324,4312,4282,4282,4282,4280,4283,4282,4279,4282,4279,4279,4279,4279,4279,4280,4257,4259,4265,4529,4530,4525,4525,4520,4618,4623,4506,4623,4690
PH127,8063,8136,8132,8093,8124,8000,7987,17792,17793,17786,17787,17785,17803,17795,17774,17775,17769,17764,17771,17777,17784,17780,17734,17719,17732,17733,17736,17721,17718,17768,17763,17767,17782,12298,12812,12817,12818,13458,11043,9144,4832,4831,4832,4836,4870,4750,4875,4558,4563,4567,4563,4757,4633,4467,4464,4470,4902,4900,4912,4919,4921,4915,4528,4709,4709,4847,4854,4950,4946,4654,4650,4763,4328,4328,4328,4323,4322,4330,4326,4314,4284,4284,4284,4282,4285,4284,4281,4284,4281,4281,4281,4281,4281,4282,4259,4261,4267,4531,4532,4527,4527,4522,4620,4625,4507,4625,4692
PH143,8065,8138,8134,8095,8126,8001,7988,17795,17795,17788,17790,17784,17795,17806,17774,17775,17769,17766,17771,17777,17787,17782,17736,17721,17736,17736,17736,17721,17723,17771,17766,17767,17782,12297,12815,12817,12821,13460,11042,9144,4832,4831,4832,4836,4870,4750,4875,4558,4563,4567,4563,4757,4633,4467,4464,4470,4902,4900,4912,4919,4921,4915,4528,4709,4709,4847,4854,4950,4946,4654,4650,4763,4328,4328,4328,4323,4322,4330,4326,4314,4284,4284,4284,4282,4285,4284,4281,4284,4281,4281,4281,4281,4281,4282,4259,4261,4267,4530,4531,4526,4526,4521,4620,4625,4507,4625,4692
PH48,8060,8133,8130,8088,8121,8000,7988,17777,17774,17790,17788,17785,17774,17774,17804,17799,17788,17779,17788,17775,17767,17762,17716,17703,17713,17735,17734,17728,17715,17750,17749,17764,17783,12282,12806,12828,12818,13459,11051,9142,4831,4832,4831,4831,4865,4748,4869,4553,4562,4566,4564,4752,4628,4467,4465,4465,4899,4904,4909,4917,4921,4912,4524,4708,4708,4841,4854,4947,4947,4649,4650,4758,4323,4323,4322,4322,4320,4324,4326,4309,4279,4279,4279,4280,4280,4279,4279,4280,4281,4280,4279,4279,4280,4280,4257,4259,4265,4527,4527,4526,4528,4521,4619,4623,4506,4623,4691
PH55,8064,8137,8135,8090,8124,8000,7988,17778,17775,17790,17789,17787,17775,17775,17799,17815,17787,17778,17789,17777,17768,17763,17717,17704,17714,17744,17743,17733,17714,17751,17750,17764,17792,12284,12809,12829,12818,13465,11051,9143,4831,4832,4831,4831,4866,4750,4870,4553,4563,4567,4565,4753,4628,4467,4465,4465,4898,4903,4908,4918,4922,4913,4525,4707,4707,4843,4856,4947,4947,4650,4651,4758,4323,4323,4322,4322,4320,4324,4326,4309,4280,4280,4280,4281,4281,4280,4280,4281,4282,4281,4280,4280,4281,4281,4257,4259,4265,4526,4526,4525,4527,4520,4619,4623,4506,4623,4690
PH6,8062,8135,8132,8089,8122,8001,7989,17772,17769,17785,17783,17781,17769,17769,17788,17787,17793,17778,17784,17771,17762,17757,17711,17698,17711,17723,17723,17716,17708,17746,17745,17761,17773,12284,12808,12823,12818,13455,11048,9144,4831,4832,4831,4831,4865,4748,4869,4553,4562,4566,4564,4752,4628,4467,4465,4465,4898,4902,4908,4918,4922,4913,4523,4707,4707,4841,4853,4947,4947,4648,4649,4757,4323,4323,4322,4322,4320,4324,4326,4309,4279,4279,4279,4280,4280,4279,4279,4280,4281,4280,4279,4279,4280,4280,4257,4259,4265,4526,4526,4525,4527,4520,4619,4623,4506,4623,4690
PH59,8059,8132,8128,8087,8120,8001,7984,17767,17763,17779,17777,17776,17764,17766,17779,17778,17778,17786,17778,17770,17756,17752,17705,17693,17708,17715,17715,17707,17712,17741,17740,17754,17765,12284,12810,12825,12818,13451,11048,9139,4831,4830,4831,4831,4864,4748,4869,4553,4564,4568,4562,4754,4627,4466,4463,4467,4899,4901,4909,4918,4920,4913,4526,4708,4708,4844,4853,4946,4946,4649,4649,4758,4322,4322,4322,4321,4320,4324,4324,4309,4279,4281,4279,4282,4280,4279,4279,4279,4279,4279,4281,4281,4279,4280,4257,4259,4265,4526,4527,4526,4526,4523,4618,4623,4508,4625,4693
PH54,8060,8133,8130,8088,8123,8003,7987,17774,17770,17786,17784,17783,17771,17771,17788,17789,17784,17778,17796,17771,17763,17759,17712,17700,17710,17722,17722,17715,17711,17748,17747,17762,17772,12283,12809,12822,12820,13451,11048,9144,4831,4830,4831,4831,4864,4748,4869,4553,4562,4566,4562,4752,4627,4466,4463,4465,4899,4901,4909,4918,4920,4913,4527,4708,4710,4845,4854,4946,4946,4650,4650,4758,4322,4322,4322,4321,4320,4324,4324,4309,4279,4279,4279,4280,4280,4279,4279,4279,4279,4279,4279,4279,4279,4280,4257,4259,4265,4526,4527,4526,4526,4523,4618,4623,4506,4623,4693
PH38,8061,8134,8131,8089,8122,7997,7986,17778,17774,17774,17772,17771,17777,17777,17775,17777,17771,17770,17771,17802,17769,17765,17718,17704,17716,17729,17729,17723,17721,17754,17753,17767,17779,12291,12813,12826,12818,13462,11046,9138,4832,4832,4832,4832,4865,4749,4870,4554,4563,4567,4564,4753,4628,4467,4465,4466,4900,4903,4910,4919,4922,4914,4525,4708,4708,4843,4854,4947,4947,4650,4650,4759,4323,4323,4323,4322,4321,4325,4326,4310,4280,4280,4280,4281,4281,4280,4280,4280,4281,4281,4280,4280,4281,4281,4258,4260,4266,4527,4528,4527,4528,4522,4619,4624,4506,4624,4692
PH125,8070,8143,8139,8097,8130,8004,7992,17784,17785,17781,17783,17776,17784,17787,17767,17768,17762,17756,17763,17769,17803,17790,17737,17718,17734,17737,17737,17722,17721,17771,17766,17767,17783,12304,12819,12824,12827,13467,11050,9148,4837,4837,4837,4841,4874,4754,4879,4563,4568,4572,4569,4760,4638,4470,4467,4475,4907,4906,4917,4924,4927,4919,4533,4713,4713,4851,4858,4956,4952,4658,4655,4767,4333,4333,4332,4328,4326,4333,4330,4318,4288,4288,4288,4285,4288,4288,4285,4289,4286,4285,4285,4285,4285,4286,4263,4265,4271,4536,4535,4531,4532,4525,4623,4626,4508,4626,4696
PH135,8067,8140,8136,8095,8128,8003,8024,17779,17780,17776,17777,17773,17780,17782,17762,17763,17757,17752,17759,17765,17790,17907,17732,17714,17730,17731,17731,17717,17717,17766,17761,17763,17777,12300,12815,12819,12823,13463,11046,9145,4835,4834,4835,4839,4872,4753,4878,4561,4566,4570,4566,4760,4634,4467,4464,4473,4905,4903,4915,4921,4923,4916,4530,4710,4710,4849,4855,4953,4949,4657,4653,4766,4330,4330,4330,4325,4324,4331,4327,4316,4286,4286,4286,4283,4286,4286,4283,4286,4283,4283,4283,4283,4283,4284,4261,4263,4269,4534,4534,4530,4530,4524,4620,4624,4506,4624,4694
PH114,8017,8090,8086,8044,8077,7951,7939,17733,17735,17731,17732,17726,17734,17736,17716,17717,17711,17705,17712,17718,17737,17732,17759,17723,17743,17745,17745,17730,17729,17728,17723,17726,17740,12249,12764,12767,12770,13410,10996,9094,4782,4782,4782,4786,4819,4706,4825,4508,4513,4517,4514,4707,4583,4417,4414,4420,4853,4852,4863,4870,4873,4865,4478,4659,4659,4797,4805,4902,4898,4604,4601,4712,4279,4279,4278,4274,4272,4280,4277,4264,4234,4234,4234,4231,4234,4234,4231,4235,4232,4231,4231,4231,4231,4232,4209,4211,4217,4481,4480,4476,4477,4471,4570,4575,4456,4574,4642
PH144,8000,8073,8069,8030,8061,7936,7923,17724,17721,17714,17715,17710,17719,17721,17703,17704,17698,17693,17700,17704,17718,17714,17723,17748,17721,17726,17722,17711,17711,17710,17709,17710,17725,12228,12750,12751,12751,13395,10977,9074,4767,4766,4767,4767,4800,4694,4806,4489,4498,4502,4498,4688,4564,4401,4398,4401,4833,4835,4843,4854,4856,4850,4459,4644,4644,4778,4789,4881,4881,4585,4585,4694,4259,4259,4259,4258,4257,4261,4261,4246,4216,4216,4216,4216,4216,4216,4216,4216,4216,4216,4216,4216,4216,4217,4194,4196,4202,4462,4462,4462,4462,4457,4554,4560,4442,4559,4627
PH139,8016,8089,8085,8044,8077,7951,7938,17731,17732,17728,17729,17724,17732,17736,17713,17714,17711,17708,17710,17716,17734,17730,17743,17721,17753,17747,17748,17733,17734,17726,17721,17722,17737,12249,12764,12768,12772,13412,10994,9093,4782,4781,4782,4786,4818,4706,4824,4508,4513,4517,4513,4707,4582,4416,4413,4420,4852,4850,4862,4869,4871,4864,4478,4658,4658,4796,4803,4900,4896,4603,4599,4712,4277,4277,4277,4272,4271,4279,4275,4263,4233,4233,4233,4230,4233,4233,4230,4233,4230,4230,4230,4230,4230,4231,4209,4210,4216,4480,4480,4476,4476,4471,4568,4574,4455,4573,4641
PH34,8020,8093,8092,8046,8080,7954,7942,17737,17734,17734,17733,17726,17733,17736,17735,17744,17723,17715,17722,17729,17737,17731,17745,17726,17747,17786,17775,17754,17747,17728,17727,17733,17767,12246,12770,12783,12773,13434,11002,9095,4782,4783,4782,4782,4816,4708,4821,4504,4514,4518,4516,4704,4579,4417,4415,4416,4849,4854,4859,4870,4874,4865,4475,4659,4659,4793,4806,4898,4898,4600,4601,4709,4274,4274,4273,4273,4271,4275,4277,4260,4231,4231,4231,4231,4231,4231,4231,4232,4233,4232,4231,4231,4232,4232,4209,4210,4216,4477,4476,4476,4478,4471,4569,4574,4455,4573,4641
PH40,8020,8093,8091,8046,8080,7954,7942,17733,17734,17734,17733,17730,17736,17736,17734,17743,17723,17715,17722,17729,17737,17731,17745,17722,17748,17775,17780,17755,17740,17728,17723,17733,17766,12249,12767,12783,12774,13428,11001,9099,4782,4783,4782,4786,4820,4708,4825,4508,4514,4518,4516,4708,4583,4417,4415,4420,4853,4854,4863,4869,4873,4864,4479,4659,4659,4797,4806,4902,4898,4604,4601,4713,4278,4278,4277,4273,4271,4279,4277,4263,4234,4234,4234,4231,4234,4234,4231,4235,4233,4232,4231,4231,4232,4232,4209,4210,4216,4481,4480,4476,4478,4471,4569,4574,4455,4573,4641
PH37,8014,8087,8085,8042,8075,7950,7940,17722,17719,17719,17718,17716,17721,17721,17728,17733,17716,17707,17715,17723,17722,17717,17730,17711,17733,17754,17755,17755,17733,17713,17712,17727,17748,12238,12759,12775,12766,13415,10998,9090,4782,4783,4782,4782,4815,4706,4820,4504,4513,4517,4515,4703,4579,4417,4415,4416,4849,4854,4859,4868,4872,4863,4474,4657,4657,4791,4804,4898,4898,4599,4600,4708,4274,4274,4273,4273,4271,4275,4277,4260,4230,4230,4230,4230,4230,4230,4230,4231,4232,4231,4230,4230,4231,4231,4209,4210,4216,4477,4476,4476,4478,4471,4569,4574,4455,4573,4641
PH32,8013,8086,8082,8042,8075,7952,7937,17722,17718,17718,17717,17713,17718,17723,17715,17714,17708,17712,17711,17721,17721,17717,17729,17711,17734,17747,17740,17733,17751,17714,17713,17724,17734,12240,12765,12773,12772,13411,10995,9089,4782,4781,4782,4782,4814,4706,4820,4504,4515,4519,4513,4705,4579,4417,4414,4419,4850,4852,4860,4870,4872,4865,4477,4660,4660,4795,4804,4897,4897,4601,4601,4710,4273,4273,4273,4272,4271,4275,4275,4260,4230,4232,4230,4232,4230,4230,4230,4230,4230,4230,4232,4232,4230,4231,4209,4210,4216,4478,4478,4478,4478,4475,4569,4575,4458,4576,4645
PH119,8054,8122,8118,8077,8115,7983,7971,17768,17768,17764,17766,17760,17768,17771,17750,17751,17746,17741,17748,17754,17771,17766,17728,17710,17726,17728,17728,17713,17714,17792,17787,17769,17783,12281,12813,12801,12805,13444,11025,9125,4814,4813,4814,4818,4850,4731,4856,4540,4545,4549,4545,4744,4614,4448,4445,4452,4884,4882,4894,4901,4903,4896,4510,4690,4690,4828,4835,4932,4928,4635,4631,4744,4309,4309,4309,4304,4303,4311,4307,4295,4265,4265,4265,4262,4265,4265,4262,4265,4262,4262,4262,4262,4262,4263,4240,4242,4248,4512,4512,4508,4508,4503,4600,4606,4487,4605,4673
PH136,8054,8122,8118,8077,8115,7983,7971,17767,17763,17759,17761,17755,17763,17766,17749,17750,17745,17740,17747,17753,17766,17761,17723,17709,17721,17727,17723,17712,17713,17787,17789,17768,17782,12276,12812,12800,12800,13443,11024,9121,4814,4813,4814,4814,4846,4731,4852,4536,4545,4549,4545,4740,4610,4448,4445,4448,4880,4882,4890,4901,4903,4896,4506,4690,4690,4824,4835,4928,4928,4631,4631,4740,4305,4305,4305,4304,4303,4307,4307,4292,4262,4262,4262,4262,4262,4262,4262,4262,4262,4262,4262,4262,4262,4263,4240,4242,4248,4508,4508,4508,4508,4503,4600,4606,4487,4605,4673
PH31,8064,8137,8133,8093,8126,7999,7989,17768,17764,17764,17763,17762,17767,17767,17764,17764,17761,17754,17762,17767,17767,17763,17726,17710,17722,17733,17733,17727,17724,17769,17768,17795,17794,12290,12810,12816,12817,13455,11043,9142,4832,4831,4832,4832,4864,4749,4870,4554,4563,4567,4563,4753,4628,4466,4463,4466,4897,4899,4907,4918,4920,4913,4525,4709,4709,4842,4853,4946,4946,4650,4650,4759,4323,4323,4323,4322,4321,4325,4325,4310,4280,4280,4280,4280,4280,4280,4280,4280,4280,4280,4280,4280,4280,4281,4258,4260,4266,4527,4527,4527,4527,4522,4618,4624,4505,4623,4692
PH36,8070,8143,8141,8096,8130,8003,7993,17783,17780,17780,17779,17776,17782,17782,17783,17792,17773,17765,17772,17779,17783,17777,17740,17725,17737,17767,17766,17748,17734,17783,17782,17794,17828,12295,12817,12832,12820,13477,11051,9145,4832,4833,4832,4832,4866,4751,4871,4554,4564,4568,4566,4754,4629,4467,4465,4466,4899,4904,4909,4919,4923,4914,4525,4709,4709,4843,4856,4948,4948,4650,4651,4759,4324,4324,4323,4323,4321,4325,4327,4310,4281,4281,4281,4281,4281,4281,4281,4282,4283,4282,4281,4281,4282,4282,4258,4260,4266,4527,4526,4526,4528,4521,4619,4624,4505,4623,4691
PH110,8036,8109,8106,8061,8095,8122,8405,12292,12295,12291,12292,12290,12298,12297,12282,12284,12284,12284,12283,12291,12304,12300,12249,12228,12249,12246,12249,12238,12240,12281,12276,12290,12295,17600,12175,12236,12236,12543,10342,8830,4831,4831,4831,4835,4878,4757,4873,4648,4653,4657,4654,4855,4623,4451,4452,4460,4953,4952,4970,5054,5056,5051,4558,4739,4739,4836,4843,4933,4929,4663,4660,4829,4352,4351,4350,4346,4344,4351,4348,4360,4336,4336,4336,4333,4336,4336,4334,4338,4334,4333,4334,4334,4333,4334,4315,4317,4331,4648,4647,4643,4644,4637,4646,4649,4531,4649,4711
PH122,7749,7806,7799,7765,7801,7733,7736,12814,12811,12813,12811,12807,12812,12815,12806,12809,12808,12810,12809,12813,12819,12815,12764,12750,12764,12770,12767,12759,12765,12813,12812,12810,12817,12175,17553,14257,14254,14544,11149,8750,4276,4275,4276,4276,4400,4286,4407,4058,4067,4071,4068,4277,4096,3932,3930,3935,4402,4404,4418,4434,4435,4430,4083,4215,4216,4361,4370,4468,4468,4096,4096,4261,3829,3829,3829,3828,3827,3830,3830,3824,3791,3791,3791,3791,3791,3791,3791,3791,3791,3791,3791,3791,3791,3792,3763,3766,3767,4048,4048,4048,4048,4043,4121,4125,4007,4125,4245
PH26,8043,8117,8113,8073,8106,7987,8180,12816,12814,12821,12819,12817,12817,12817,12828,12829,12823,12825,12822,12826,12824,12819,12767,12751,12768,12783,12783,12775,12773,12801,12800,12816,12832,12236,14257,17434,17408,14018,11033,8830,4972,4974,4972,4972,5054,4938,5064,4805,4814,4818,4817,5021,4793,4629,4628,4630,5038,5043,5055,5207,5210,5203,4693,4936,4936,5394,5396,5050,5048,4800,4801,4917,4492,4492,4491,4491,4489,4492,4494,4501,4457,4457,4457,4457,4457,4457,4457,4458,4459,4458,4457,4457,4458,4458,4444,4447,4451,4749,4748,4748,4750,4742,4814,4817,4699,4817,4858
PH27,8041,8115,8110,8073,8106,7982,8179,12816,12817,12824,12822,12818,12818,12821,12818,12818,12818,12818,12820,12818,12827,12823,12770,12751,12772,12773,12774,12766,12772,12805,12800,12817,12820,12236,14254,17408,17419,14010,11028,8833,4972,4972,4972,4976,5057,4938,5068,4810,4815,4819,4816,5026,4795,4627,4625,4633,5039,5037,5056,5206,5207,5202,4697,4934,4934,5396,5392,5050,5044,4805,4801,4919,4495,4495,4495,4490,4489,4496,4492,4504,4461,4461,4461,4458,4461,4461,4458,4461,4458,4458,4458,4458,4458,4459,4444,4447,4451,4752,4752,4748,4748,4742,4814,4818,4700,4818,4859
PH33,8226,8298,8294,8250,8285,8149,8181,13459,13458,13458,13455,13450,13458,13460,13459,13465,13455,13451,13451,13462,13467,13463,13410,13395,13412,13434,13428,13415,13411,13444,13443,13455,13477,12543,14544,14018,14010,17902,11427,9166,4868,4869,4868,4868,4974,4858,4976,4623,4633,4637,4636,4833,4668,4502,4503,4505,4990,4995,5004,5030,5034,5029,4670,4832,4833,4919,4930,5001,5001,4655,4656,4816,4379,4379,4378,4378,4376,4379,4381,4371,4352,4352,4352,4352,4352,4352,4352,4353,4354,4353,4352,4352,4353,4353,4330,4333,4337,4611,4610,4610,4612,4605,4721,4724,4606,4724,4872
PH8,8772,8841,8838,8797,8832,8805,8646,11041,11040,11049,11045,11043,11043,11042,11051,11051,11048,11048,11048,11046,11050,11046,10996,10977,10994,11002,11001,10998,10995,11025,11024,11043,11051,10342,11149,11033,11028,11427,18968,10626,4977,4978,4977,4977,4987,4871,4997,4802,4811,4815,4813,5002,4838,4664,4668,4673,5115,5118,5131,5105,5107,5102,4757,4926,4927,5064,5074,5234,5233,4832,4835,4979,4596,4596,4595,4596,4594,4595,4596,4598,4548,4548,4548,4548,4548,4548,4548,4549,4549,4548,4548,4548,4548,4549,4524,4526,4535,4749,4748,4749,4749,4743,4817,4820,4702,4820,4898
PH49,7085,7155,7152,7110,7143,7232,7040,9138,9143,9148,9144,9143,9144,9144,9142,9143,9144,9139,9144,9138,9148,9145,9094,9074,9093,9095,9099,9090,9089,9125,9121,9142,9145,8830,8750,8830,8833,9166,10626,15217,5231,5232,5231,5235,5347,5227,5340,5042,5048,5052,5048,5259,5153,4970,4984,4994,5387,5386,5391,5385,5387,5380,5033,5264,5265,5301,5306,5380,5373,5112,5111,5332,4788,4788,4787,4783,4781,4787,4784,4777,4709,4710,4709,4706,4709,4709,4707,4711,4708,4706,4707,4707,4707,4707,4713,4715,4725,5109,5108,5104,5105,5099,5091,5094,4976,5094,5130
PH108,5024,5095,5091,5053,5086,5178,5066,4830,4830,4831,4831,4831,4832,4832,4831,4831,4831,4831,4831,4832,4837,4835,4782,4767,4782,4782,4782,4782,4782,4814,4814,4832,4832,4831,4276,4972,4972,4868,4977,5231,9574,9561,9564,9564,5693,5577,5657,5254,5263,5267,5262,5463,5464,5289,5296,5303,5432,5433,5429,5609,5611,5606,5356,5504,5504,5571,5576,5469,5469,5512,5512,5851,5115,5115,5115,5114,5113,5115,5115,5106,5051,5051,5051,5051,5051,5051,5052,5051,5050,5051,5051,5051,5051,5052,5109,5110,5123,5542,5542,5542,5541,5536,5524,5530,5412,5530,5497
PH7,5023,5094,5090,5051,5084,5177,5066,4829,4830,4831,4831,4830,4831,4831,4832,4832,4832,4830,4830,4832,4837,4834,4782,4766,4781,4783,4783,4783,4781,4813,4813,4831,4833,4831,4275,4974,4972,4869,4978,5232,9561,9574,9565,9561,5693,5576,5656,5254,5263,5267,5264,5463,5465,5290,5298,5303,5430,5433,5427,5607,5611,5604,5355,5502,5502,5571,5577,5470,5470,5510,5511,5850,5115,5115,5114,5114,5112,5114,5116,5105,5050,5050,5050,5050,5050,5050,5051,5051,5052,5051,5050,5050,5051,5051,5108,5110,5122,5541,5540,5540,5542,5534,5524,5529,5411,5529,5495
PH22,5024,5095,5091,5053,5086,5178,5066,4830,4830,4831,4831,4831,4832,4832,4831,4831,4831,4831,4831,4832,4837,4835,4782,4767,4782,4782,4782,4782,4782,4814,4814,4832,4832,4831,4276,4972,4972,4868,4977,5231,9564,9565,9571,9564,5693,5577,5657,5254,5263,5267,5262,5463,5464,5289,5296,5303,5432,5433,5429,5609,5611,5606,5356,5504,5504,5571,5576,5469,5469,5512,5512,5851,5115,5115,5115,5114,5113,5115,5115,5106,5051,5051,5051,5051,5051,5051,5052,5051,5050,5051,5051,5051,5051,5052,5109,5110,5123,5542,5542,5542,5541,5536,5524,5530,5412,5530,5497
PH128,5024,5095,5091,5053,5086,5178,5066,4830,4834,4835,4835,4835,4836,4836,4831,4831,4831,4831,4831,4832,4841,4839,4786,4767,4786,4782,4786,4782,4782,4818,4814,4832,4832,4835,4276,4972,4976,4868,4977,5235,9564,9561,9564,9571,5697,5577,5661,5258,5263,5267,5262,5467,5468,5289,5296,5307,5436,5433,5433,5609,5611,5606,5360,5504,5504,5575,5576,5473,5469,5516,5512,5855,5119,5119,5119,5114,5113,5119,5115,5109,5054,5054,5054,5051,5054,5054,5052,5054,5050,5051,5051,5051,5051,5052,5109,5110,5123,5546,5546,5542,5541,5536,5524,5530,5412,5530,5497
PH132,4984,5052,5048,5008,5041,4991,5075,4864,4869,4869,4869,4868,4870,4870,4865,4866,4865,4864,4864,4865,4874,4872,4819,4800,4818,4816,4820,4815,4814,4850,4846,4864,4866,4878,4400,5054,5057,4974,4987,5347,5693,5693,5693,5697,9307,9177,8889,5272,5277,5281,5276,5521,5418,5291,5277,5282,5528,5525,5526,5495,5497,5495,5279,5771,5771,5840,5847,5549,5542,5658,5653,5627,5167,5167,5163,5159,5157,5166,5160,5139,5084,5084,5084,5082,5082,5084,5081,5085,5082,5081,5078,5078,5082,5082,5105,5111,5137,5406,5406,5398,5402,5392,5411,5416,5298,5416,5431
PH3,4864,4932,4928,4888,4922,4874,4954,4748,4748,4748,4748,4748,4750,4750,4748,4750,4748,4748,4748,4749,4754,4753,4706,4694,4706,4708,4708,4706,4706,4731,4731,4749,4751,4757,4286,4938,4938,4858,4871,5227,5577,5576,5577,5577,9177,9191,8764,5152,5162,5166,5160,5402,5294,5173,5156,5162,5408,5408,5406,5379,5380,5379,5176,5654,5654,5721,5732,5425,5425,5537,5535,5506,5043,5043,5043,5042,5041,5043,5043,5017,4963,4963,4963,4963,4963,4963,4963,4963,4963,4963,4963,4963,4964,4964,4989,4992,5018,5280,5280,5280,5280,5274,5293,5299,5181,5299,5315
PH99,4993,5061,5057,5019,5051,5025,5107,4869,4873,4873,4873,4873,4875,4875,4869,4870,4869,4869,4869,4870,4879,4878,4825,4806,4824,4821,4825,4820,4820,4856,4852,4870,4871,4873,4407,5064,5068,4976,4997,5340,5657,5656,5657,5661,8889,8764,9363,5253,5258,5262,5256,5498,5420,5292,5278,5285,5467,5463,5466,5481,5482,5479,5255,5788,5788,5885,5891,5483,5476,5612,5607,5617,5168,5168,5165,5160,5159,5168,5161,5146,5147,5147,5147,5144,5144,5147,5144,5147,5144,5144,5141,5141,5145,5145,5119,5125,5151,5392,5392,5385,5388,5379,5393,5399,5281,5399,5412
PH100,5228,5300,5295,5256,5287,5273,5864,4552,4556,4557,4557,4557,4558,4558,4553,4553,4553,4553,4553,4554,4563,4561,4508,4489,4508,4504,4508,4504,4504,4540,4536,4554,4554,4648,4058,4805,4810,4623,4802,5042,5254,5254,5254,5258,5272,5152,5253,9932,9913,9919,9918,8487,6112,5976,6112,6124,5325,5321,5322,6539,6541,6535,5400,5336,5336,5352,5358,5229,5225,5329,5325,5360,4813,4813,4813,4808,4807,4813,4809,4805,4844,4844,4844,4841,4844,4844,4841,4844,4841,4841,4841,4841,4842,4842,4847,4849,4870,5148,5148,5145,5144,5138,5164,5170,5052,5170,5086
PH21,5238,5310,5305,5265,5297,5282,5870,4561,4561,4562,4562,4562,4563,4563,4562,4563,4562,4564,4562,4563,4568,4566,4513,4498,4513,4514,4514,4513,4515,4545,4545,4563,4564,4653,4067,4814,4815,4633,4811,5048,5263,5263,5263,5263,5277,5162,5258,9913,9944,9940,9936,8492,6115,5983,6119,6129,5330,5330,5327,6544,6546,6540,5408,5346,5346,5359,5367,5234,5234,5335,5335,5366,4818,4818,4818,4817,4816,4818,4818,4811,4851,4853,4851,4853,4851,4851,4851,4851,4851,4851,4853,4853,4852,4852,4856,4858,4879,5153,5153,5154,5153,5149,5173,5179,5063,5181,5096
PH4,5244,5316,5311,5271,5303,5286,5878,4565,4565,4566,4566,4566,4567,4567,4566,4567,4566,4568,4566,4567,4572,4570,4517,4502,4517,4518,4518,4517,4519,4549,4549,4567,4568,4657,4071,4818,4819,4637,4815,5052,5267,5267,5267,5267,5281,5166,5262,9919,9940,9958,9943,8501,6119,5985,6119,6130,5334,5334,5331,6552,6555,6548,5412,5350,5350,5363,5371,5238,5238,5339,5339,5370,4822,4822,4822,4821,4820,4822,4822,4815,4855,4857,4855,4857,4855,4855,4855,4855,4855,4855,4857,4857,4856,4856,4860,4862,4883,5157,5157,5158,5158,5153,5177,5183,5067,5185,5100
PH56,5244,5316,5311,5270,5302,5286,5879,4561,4562,4563,4563,4562,4563,4563,4564,4565,4564,4562,4562,4564,4569,4566,4514,4498,4513,4516,4516,4515,4513,4545,4545,4563,4566,4654,4068,4817,4816,4636,4813,5048,5262,5264,5262,5262,5276,5160,5256,9918,9936,9943,9955,8493,6116,5984,6122,6127,5328,5330,5325,6549,6554,6545,5404,5346,5346,5356,5367,5235,5235,5337,5338,5364,4819,4819,4818,4818,4816,4818,4820,4811,4853,4853,4853,4853,4853,4853,4853,4854,4855,4854,4853,4853,4855,4854,4858,4860,4881,5152,5151,5152,5154,5145,5176,5181,5063,5181,5096
PH50,5458,5525,5520,5480,5517,5620,5871,4751,4755,4756,4756,4756,4757,4757,4752,4753,4752,4754,4752,4753,4760,4760,4707,4688,4707,4704,4708,4703,4705,4744,4740,4753,4754,4855,4277,5021,5026,4833,5002,5259,5463,5463,5463,5467,5521,5402,5498,8487,8492,8501,8493,10347,5829,5526,5660,5672,5586,5582,5580,6593,6595,6590,5792,5536,5536,5570,5574,5439,5435,5437,5433,5503,5033,5033,5033,5028,5028,5033,5029,5009,5018,5020,5018,5017,5018,5018,5015,5018,5015,5015,5017,5017,5016,5016,5026,5028,5049,5364,5364,5361,5361,5355,5424,5430,5314,5432,5354
PH138,4881,4952,4948,4910,4941,4899,4869,4627,4632,4632,4632,4631,4633,4633,4628,4628,4628,4627,4627,4628,4638,4634,4583,4564,4582,4579,4583,4579,4579,4614,4610,4628,4629,4623,4096,4793,4795,4668,4838,5153,5464,5465,5464,5468,5418,5294,5420,6112,6115,6119,6116,5829,9060,8570,8709,8711,5505,5503,5506,6032,6034,6028,5335,5639,5639,5479,5485,5509,5500,5849,5846,5548,5080,5080,5076,5072,5070,5079,5073,5054,5026,5026,5026,5023,5023,5026,5023,5027,5024,5023,5020,5020,5023,5024,5036,5041,5047,5329,5328,5322,5325,5315,5404,5409,5291,5409,5389
PH18,4724,4791,4787,4748,4780,4728,4710,4465,4466,4467,4467,4466,4467,4467,4467,4467,4467,4466,4466,4467,4470,4467,4417,4401,4416,4417,4417,4417,4417,4448,4448,4466,4467,4451,3932,4629,4627,4502,4664,4970,5289,5290,5289,5289,5291,5173,5292,5976,5983,5985,5984,5526,8570,8784,8706,8617,5320,5322,5321,5857,5859,5849,5151,5472,5472,5299,5309,5356,5354,5690,5691,5372,4899,4899,4898,4898,4896,4899,4900,4875,4850,4850,4850,4851,4851,4850,4850,4851,4851,4850,4850,4850,4850,4851,4862,4864,4870,5143,5143,5143,5143,5136,5294,5300,5182,5300,5294
PH35,4713,4780,4776,4737,4769,4730,4702,4462,4463,4464,4464,4463,4464,4464,4465,4465,4465,4463,4463,4465,4467,4464,4414,4398,4413,4415,4415,4415,4414,4445,4445,4463,4465,4452,3930,4628,4625,4503,4668,4984,5296,5298,5296,5296,5277,5156,5278,6112,6119,6119,6122,5660,8709,8706,8853,8756,5333,5336,5334,5866,5869,5858,5165,5469,5469,5307,5317,5369,5364,5680,5681,5375,4906,4906,4902,4902,4900,4906,4905,4881,4853,4853,4853,4854,4851,4853,4853,4854,4855,4854,4850,4850,4854,4854,4866,4871,4877,5156,5156,5153,5157,5146,5234,5240,5122,5240,5218
PH23,4713,4780,4776,4738,4770,4736,4702,4464,4468,4469,4469,4469,4470,4470,4465,4465,4465,4467,4465,4466,4475,4473,4420,4401,4420,4416,4420,4416,4419,4452,4448,4466,4466,4460,3935,4630,4633,4505,4673,4994,5303,5303,5303,5307,5282,5162,5285,6124,6129,6130,6127,5672,8711,8617,8756,8847,5341,5338,5342,5869,5870,5861,5173,5476,5476,5319,5321,5373,5369,5686,5682,5384,4912,4912,4912,4907,4906,4912,4908,4887,4859,4861,4859,4858,4859,4859,4856,4859,4856,4856,4858,4858,4856,4857,4872,4874,4880,5161,5161,5158,5157,5153,5238,5244,5128,5246,5226
PH104,6005,6076,6070,6032,6065,6812,6057,4896,4900,4901,4901,4901,4902,4902,4899,4898,4898,4899,4899,4900,4907,4905,4853,4833,4852,4849,4853,4849,4850,4884,4880,4897,4899,4953,4402,5038,5039,4990,5115,5387,5432,5430,5432,5436,5528,5408,5467,5325,5330,5334,5328,5586,5505,5320,5333,5341,11386,11371,11215,5632,5634,5629,5433,5705,5705,5529,5534,5966,5958,5778,5775,5716,5199,5199,5199,5194,5193,5199,5195,5250,5229,5229,5229,5226,5229,5229,5226,5229,5225,5226,5226,5226,5226,5227,5243,5244,5269,5514,5514,5510,5509,5504,5566,5571,5454,5572,5502
PH1,6004,6075,6071,6030,6063,6811,6060,4898,4899,4900,4900,4899,4900,4900,4904,4903,4902,4901,4901,4903,4906,4903,4852,4835,4850,4854,4854,4854,4852,4882,4882,4899,4904,4952,4404,5043,5037,4995,5118,5386,5433,5433,5433,5433,5525,5408,5463,5321,5330,5334,5330,5582,5503,5322,5336,5338,11371,11394,11213,5632,5636,5629,5429,5705,5705,5525,5536,5962,5958,5775,5776,5712,5196,5196,5195,5195,5193,5195,5197,5247,5227,5227,5227,5227,5227,5227,5227,5228,5228,5228,5227,5227,5228,5228,5244,5245,5270,5511,5510,5510,5511,5504,5566,5570,5453,5571,5501
PH112,6009,6080,6075,6036,6069,6820,6073,4906,4910,4911,4911,4911,4912,4912,4909,4908,4908,4909,4909,4910,4917,4915,4863,4843,4862,4859,4863,4859,4860,4894,4890,4907,4909,4970,4418,5055,5056,5004,5131,5391,5429,5427,5429,5433,5526,5406,5466,5322,5327,5331,5325,5580,5506,5321,5334,5342,11215,11213,11416,5610,5612,5607,5422,5710,5710,5519,5524,5954,5946,5762,5758,5695,5182,5182,5182,5177,5176,5182,5178,5232,5216,5216,5216,5213,5216,5216,5213,5216,5212,5213,5213,5213,5213,5214,5229,5230,5256,5489,5489,5485,5484,5479,5555,5560,5443,5561,5492
PH129,5520,5592,5589,5548,5578,5760,6063,4917,4917,4918,4918,4918,4919,4919,4917,4918,4918,4918,4918,4919,4924,4921,4870,4854,4869,4870,4869,4868,4870,4901,4901,4918,4919,5054,4434,5207,5206,5030,5105,5385,5609,5607,5609,5609,5495,5379,5481,6539,6544,6552,6549,6593,6032,5857,5866,5869,5632,5632,5610,10621,10601,10585,5282,5650,5650,5589,5597,5494,5492,5465,5465,5557,5193,5193,5193,5192,5191,5193,5193,5173,5143,5143,5143,5143,5143,5143,5143,5143,5142,5143,5143,5143,5143,5145,5178,5179,5194,5341,5341,5341,5340,5334,5481,5487,5369,5487,5413
PH58,5522,5594,5591,5549,5579,5761,6066,4919,4920,4921,4921,4920,4921,4921,4921,4922,4922,4920,4920,4922,4927,4923,4873,4856,4871,4874,4873,4872,4872,4903,4903,4920,4923,5056,4435,5210,5207,5034,5107,5387,5611,5611,5611,5611,5497,5380,5482,6541,6546,6555,6554,6595,6034,5859,5869,5870,5634,5636,5612,10601,10638,10582,5285,5654,5654,5592,5602,5497,5495,5468,5469,5558,5195,5195,5194,5194,5192,5194,5196,5174,5144,5144,5144,5144,5144,5144,5144,5145,5146,5145,5144,5144,5145,5146,5179,5181,5195,5342,5341,5341,5343,5335,5485,5490,5372,5490,5416
PH145,5516,5588,5585,5545,5574,5757,6059,4913,4913,4913,4913,4913,4915,4915,4912,4913,4913,4913,4913,4914,4919,4916,4865,4850,4864,4865,4864,4863,4865,4896,4896,4913,4914,5051,4430,5203,5202,5029,5102,5380,5606,5604,5606,5606,5495,5379,5479,6535,6540,6548,6545,6590,6028,5849,5858,5861,5629,5629,5607,10585,10582,10656,5276,5646,5646,5583,5591,5492,5490,5461,5461,5554,5188,5188,5188,5187,5186,5188,5188,5170,5140,5140,5140,5140,5140,5140,5140,5140,5139,5140,5140,5140,5140,5142,5175,5176,5191,5341,5341,5341,5340,5334,5480,5486,5368,5486,5412
PH121,4999,5071,5066,5027,5062,5437,4856,4522,4526,4527,4527,4527,4528,4528,4524,4525,4523,4526,4527,4525,4533,4530,4478,4459,4478,4475,4479,4474,4477,4510,4506,4525,4525,4558,4083,4693,4697,4670,4757,5033,5356,5355,5356,5360,5279,5176,5255,5400,5408,5412,5404,5792,5335,5151,5165,5173,5433,5429,5422,5282,5285,5276,10057,5496,5498,5501,5503,5345,5332,5435,5432,5496,5086,5086,5083,5078,5077,5086,5079,5096,5063,5065,5063,5062,5060,5063,5060,5063,5060,5060,5059,5059,5061,5060,5090,5095,5103,5308,5308,5300,5303,5298,5402,5407,5291,5409,6008
PH137,5005,5076,5072,5035,5068,5019,5010,4707,4707,4707,4707,4707,4709,4709,4708,4707,4707,4708,4708,4708,4713,4710,4659,4644,4658,4659,4659,4657,4660,4690,4690,4709,4709,4739,4215,4936,4934,4832,4926,5264,5504,5502,5504,5504,5771,5654,5788,5336,5346,5350,5346,5536,5639,5472,5469,5476,5705,5705,5710,5650,5654,5646,5496,9499,9485,6315,6324,5578,5578,5831,5831,5932,5277,5277,5277,5276,5275,5277,5277,5249,5238,5238,5238,5238,5238,5238,5238,5238,5237,5238,5238,5238,5238,5239,5246,5248,5269,5452,5452,5452,5451,5446,5547,5553,5435,5553,5582
PH13,5004,5075,5071,5034,5069,5021,5010,4707,4707,4707,4707,4707,4709,4709,4708,4707,4707,4708,4710,4708,4713,4710,4659,4644,4658,4659,4659,4657,4660,4690,4690,4709,4709,4739,4216,4936,4934,4833,4927,5265,5504,5502,5504,5504,5771,5654,5788,5336,5346,5350,5346,5536,5639,5472,5469,5476,5705,5705,5710,5650,5654,5646,5498,9485,9502,6317,6324,5578,5578,5831,5831,5932,5277,5277,5277,5276,5275,5277,5277,5249,5238,5238,5238,5238,5238,5238,5238,5238,5237,5238,5238,5238,5238,5239,5246,5248,5269,5452,5452,5452,5451,5448,5548,5553,5435,5553,5584
PH15,5082,5153,5149,5110,5145,5071,5078,4841,4846,4845,4845,4845,4847,4847,4841,4843,4841,4844,4845,4843,4851,4849,4797,4778,4796,4793,4797,4791,4795,4828,4824,4842,4843,4836,4361,5394,5396,4919,5064,5301,5571,5571,5571,5575,5840,5721,5885,5352,5359,5363,5356,5570,5479,5299,5307,5319,5529,5525,5519,5589,5592,5583,5501,6315,6317,9826,9799,5552,5549,5683,5680,5731,5136,5136,5136,5131,5130,5136,5132,5118,5085,5087,5085,5084,5085,5085,5082,5085,5082,5082,5084,5084,5082,5083,5093,5096,5125,5421,5421,5417,5417,5415,5467,5473,5357,5475,5462
PH9,5091,5162,5158,5118,5151,5077,5089,4852,4854,4853,4853,4852,4854,4854,4854,4856,4853,4853,4854,4854,4858,4855,4805,4789,4803,4806,4806,4804,4804,4835,4835,4853,4856,4843,4370,5396,5392,4930,5074,5306,5576,5577,5576,5576,5847,5732,5891,5358,5367,5371,5367,5574,5485,5309,5317,5321,5534,5536,5524,5597,5602,5591,5503,6324,6324,9799,9827,5559,5560,5688,5690,5735,5143,5143,5142,5142,5140,5142,5143,5125,5092,5092,5092,5092,5092,5092,5092,5093,5094,5092,5092,5092,5092,5093,5103,5107,5135,5428,5427,5427,5428,5422,5479,5484,5366,5484,5468
PH115,6407,6475,6469,6427,6464,7422,6253,4944,4949,4950,4950,4949,4950,4950,4947,4947,4947,4946,4946,4947,4956,4953,4902,4881,4900,4898,4902,4898,4897,4932,4928,4946,4948,4933,4468,5050,5050,5001,5234,5380,5469,5470,5469,5473,5549,5425,5483,5229,5234,5238,5235,5439,5509,5356,5369,5373,5966,5962,5954,5494,5497,5492,5345,5578,5578,5552,5559,12228,12212,6120,6119,5611,6299,6299,6295,6291,6289,6298,6292,6001,5265,5265,5265,5262,5262,5265,5262,5267,5263,5262,5259,5259,5262,5264,5249,5255,5266,5385,5384,5378,5381,5372,5443,5447,5329,5447,5414
PH11,6403,6471,6465,6423,6460,7414,6246,4944,4945,4946,4946,4945,4946,4946,4947,4947,4947,4946,4946,4947,4952,4949,4898,4881,4896,4898,4898,4898,4897,4928,4928,4946,4948,4929,4468,5048,5044,5001,5233,5373,5469,5470,5469,5469,5542,5425,5476,5225,5234,5238,5235,5435,5500,5354,5364,5369,5958,5958,5946,5492,5495,5490,5332,5578,5578,5549,5560,12212,12215,6111,6114,5606,6293,6293,6292,6292,6290,6292,6293,5996,5260,5260,5260,5260,5260,5260,5260,5262,5261,5260,5260,5260,5260,5262,5250,5253,5264,5379,5378,5379,5379,5373,5444,5448,5330,5448,5414
PH116,4924,4995,4991,4950,4984,4934,5092,4648,4652,4652,4652,4652,4654,4654,4649,4650,4648,4649,4650,4650,4658,4657,4604,4585,4603,4600,4604,4599,4601,4635,4631,4650,4650,4663,4096,4800,4805,4655,4832,5112,5512,5510,5512,5516,5658,5537,5612,5329,5335,5339,5337,5437,5849,5690,5680,5686,5778,5775,5762,5465,5468,5461,5435,5831,5831,5683,5688,6120,6111,9247,9223,6168,5321,5321,5321,5316,5315,5321,5317,5283,5274,5274,5274,5271,5274,5274,5271,5274,5270,5271,5271,5271,5271,5272,5279,5281,5278,5457,5457,5453,5452,5447,5543,5549,5431,5549,5496
