,PH130,PH133,PH2,PH25,PH14,PH117,PH51,PH102,PH120,PH123,PH124,PH126,PH127,PH143,PH48,PH55,PH6,PH59,PH54,PH38,PH125,PH135,PH114,PH144,PH139,PH34,PH40,PH37,PH32,PH119,PH136,PH31,PH36,PH110,PH122,PH26,PH27,PH33,PH8,PH49,PH108,PH7,PH22,PH128,PH132,PH3,PH99,PH100,PH21,PH4,PH56,PH50,PH138,PH18,PH35,PH23,PH104,PH1,PH112,PH129,PH58,PH145,PH121,PH137,PH13,PH15,PH9,PH115,PH11,PH116,PH140,PH24,PH101,PH107,PH43,PH42,PH60,PH16,PH57,PH118,PH103,PH28,PH105,PH61,PH63,PH109,PH97,PH141,PH41,PH46,PH17,PH30,PH44,PH29,PH45,PH47,PH111,PH106,PH113,PH19,PH39,PH52,PH131,PH134,PH62,PH20,PH5
PH130,79471,79268,79278,79213,79244,15981,15319,6605,6605,6605,6605,6603,6603,6605,6601,6606,6604,6598,6599,6601,6606,6605,6607,6605,6607,6611,6611,6605,6600,6613,6613,6604,6611,6566,6731,6409,6406,6600,7055,5231,2991,2992,2991,2991,2959,2955,2988,3537,3537,3539,3543,3507,2906,2843,2907,2900,3873,3873,3881,3483,3483,3480,2510,2868,2865,3037,3040,4322,4318,2864,2860,2872,3070,3070,3067,3068,3067,3070,3069,3171,3067,3065,3066,3065,3065,3068,3066,3068,3067,3066,3063,3063,3066,3066,2968,2972,2990,2918,2917,2915,2919,2915,1668,1664,1663,1663,217
PH133,79268,79379,79336,79236,79264,15975,15319,6608,6608,6608,6608,6606,6606,6608,6604,6609,6607,6601,6602,6604,6609,6608,6610,6608,6610,6614,6614,6608,6603,6611,6611,6607,6614,6569,6718,6413,6410,6602,7054,5231,2992,2993,2992,2992,2957,2953,2986,3539,3539,3541,3545,3504,2907,2840,2904,2897,3874,3874,3882,3485,3485,3482,2512,2869,2866,3038,3041,4320,4316,2865,2861,2873,3071,3071,3068,3069,3068,3071,3070,3172,3068,3066,3067,3066,3066,3069,3067,3069,3068,3067,3064,3064,3067,3067,2969,2973,2991,2919,2918,2916,2920,2916,1670,1666,1665,1665,218
PH2,79278,79336,79490,79280,79313,15984,15337,6608,6608,6608,6608,6606,6606,6608,6605,6611,6608,6601,6603,6605,6609,6608,6610,6608,6610,6617,6616,6610,6603,6611,6611,6607,6616,6570,6716,6414,6410,6603,7056,5233,2993,2994,2993,2993,2958,2954,2987,3539,3539,3541,3545,3504,2908,2841,2905,2898,3873,3875,3882,3487,3487,3484,2512,2870,2867,3039,3042,4319,4315,2866,2862,2873,3071,3071,3068,3069,3068,3071,3070,3173,3069,3067,3068,3067,3067,3070,3068,3070,3070,3068,3065,3065,3069,3068,2970,2975,2992,2920,2919,2917,2922,2917,1670,1666,1665,1665,218
PH25,79213,79236,79280,79384,79294,15972,15312,6605,6604,6602,6602,6601,6603,6605,6599,6602,6601,6596,6597,6599,6603,6603,6604,6605,6605,6607,6607,6603,6599,6606,6606,6603,6607,6561,6717,6409,6408,6594,7050,5226,2990,2990,2990,2990,2953,2949,2984,3535,3534,3536,3539,3499,2905,2837,2901,2895,3871,3870,3879,3481,3480,3479,2508,2868,2865,3035,3037,4312,4308,2860,2857,2871,3069,3069,3067,3067,3067,3070,3068,3171,3065,3063,3064,3063,3063,3066,3064,3065,3064,3064,3061,3061,3064,3064,2968,2972,2990,2916,2916,2914,2917,2914,1668,1665,1664,1664,217
PH14,79244,79264,79313,79294,79376,15969,15312,6602,6601,6601,6601,6600,6600,6602,6598,6602,6600,6595,6598,6598,6602,6602,6603,6602,6604,6607,6607,6602,6598,6610,6610,6602,6607,6561,6719,6408,6407,6595,7051,5225,2989,2989,2989,2989,2952,2949,2982,3532,3532,3534,3537,3502,2902,2835,2899,2893,3869,3868,3877,3477,3476,3474,2509,2867,2866,3036,3036,4315,4311,2860,2855,2869,3067,3067,3065,3065,3065,3068,3066,3170,3065,3063,3064,3063,3063,3066,3064,3065,3065,3064,3061,3061,3065,3064,2966,2971,2988,2914,2914,2912,2915,2914,1665,1662,1661,1661,217
PH117,15981,15975,15984,15972,15969,37839,15870,6172,6171,6173,6172,6172,6171,6172,6172,6173,6174,6171,6173,6168,6171,6172,6172,6172,6173,6176,6176,6172,6170,6173,6173,6170,6175,6280,6335,5999,5993,6150,6712,5004,2770,2771,2770,2770,2608,2607,2663,3237,3236,3236,3240,3324,2572,2496,2572,2571,4271,4271,4283,3355,3354,3353,2558,2529,2529,2680,2680,4908,4900,2514,2513,2558,2962,2961,2959,2959,2959,2964,2962,3113,2833,2833,2833,2833,2832,2833,2833,2834,2833,2833,2831,2831,2832,2833,2686,2689,2692,2514,2514,2513,2516,2513,1289,1287,1287,1287,229
PH51,15319,15319,15337,15312,15312,15870,30764,6675,6675,6676,6676,6675,6674,6675,6676,6677,6678,6670,6673,6673,6675,6709,6676,6675,6676,6680,6680,6678,6671,6677,6677,6676,6681,7056,6857,6688,6686,6701,7085,5349,3195,3198,3195,3195,3215,3210,3269,4315,4311,4315,4320,4084,3076,3011,3078,3071,4120,4124,4139,4174,4175,4172,2553,3058,3056,3217,3222,4353,4347,3197,3196,3126,3160,3160,3157,3158,3157,3162,3162,3246,3167,3165,3167,3164,3165,3167,3167,3169,3170,3168,3164,3164,3170,3167,3066,3071,3075,3034,3033,3032,3036,3028,1738,1734,1733,1732,217
PH102,6605,6608,6608,6605,6602,6172,6675,16223,16215,16201,16203,16198,16204,16208,16190,16193,16188,16180,16186,16191,16192,16189,16195,16201,16195,16200,16197,16186,16182,16199,16198,16181,16197,10996,11917,11327,11326,11952,9626,7601,3272,3274,3272,3272,3307,3307,3333,3374,3373,3373,3372,3316,3140,3073,3144,3139,3313,3316,3326,3386,3385,3384,2532,3048,3046,3279,3284,3428,3428,3077,3076,3137,3011,3011,3011,3011,3011,3013,3013,3015,3006,3004,3006,3004,3007,3006,3006,3006,3007,3006,3004,3004,3005,3006,2950,2953,2966,3037,3038,3037,3039,3035,1713,1712,1711,1710,235
PH120,6605,6608,6608,6604,6601,6171,6675,16215,16224,16202,16203,16198,16204,16207,16187,16190,16185,16176,16182,16187,16192,16189,16196,16198,16195,16197,16197,16183,16178,16198,16194,16177,16194,10998,11914,11325,11326,11951,9625,7605,3272,3275,3272,3275,3311,3307,3336,3377,3373,3373,3373,3319,3144,3074,3145,3142,3316,3317,3329,3386,3386,3384,2535,3048,3046,3283,3286,3432,3429,3080,3077,3140,3015,3015,3014,3012,3011,3016,3014,3017,3008,3006,3008,3004,3009,3008,3006,3009,3008,3006,3004,3004,3005,3006,2950,2953,2966,3041,3041,3037,3040,3035,1714,1712,1711,1710,235
PH123,6605,6608,6608,6602,6601,6173,6676,16201,16202,16219,16214,16209,16197,16200,16202,16204,16200,16191,16197,16186,16187,16184,16191,16191,16190,16196,16196,16182,16177,16193,16189,16176,16193,10993,11916,11331,11332,11950,9633,7610,3273,3276,3273,3276,3311,3307,3336,3378,3374,3374,3374,3320,3144,3075,3146,3143,3317,3318,3330,3387,3387,3384,2536,3048,3046,3282,3285,3433,3430,3080,3077,3140,3015,3015,3014,3012,3011,3016,3014,3017,3008,3006,3008,3004,3009,3008,3006,3009,3008,3006,3004,3004,3005,3006,2950,2953,2966,3041,3041,3037,3040,3035,1714,1712,1711,1710,235
PH124,6605,6608,6608,6602,6601,6172,6676,16203,16203,16214,16217,16211,16198,16202,16200,16203,16198,16189,16195,16184,16189,16185,16192,16192,16191,16195,16195,16181,16176,16195,16191,16175,16192,10994,11914,11329,11330,11947,9629,7606,3273,3276,3273,3276,3311,3307,3336,3378,3374,3374,3374,3320,3144,3075,3146,3143,3317,3318,3330,3387,3387,3384,2536,3048,3046,3282,3285,3433,3430,3080,3077,3140,3015,3015,3014,3012,3011,3016,3014,3017,3008,3006,3008,3004,3009,3008,3006,3009,3008,3006,3004,3004,3005,3006,2950,2953,2966,3041,3041,3037,3040,3035,1714,1712,1711,1710,235
PH126,6603,6606,6606,6601,6600,6172,6675,16198,16198,16209,16211,16212,16197,16197,16198,16201,16196,16188,16194,16183,16183,16182,16187,16188,16187,16189,16192,16179,16172,16190,16186,16174,16189,10993,11910,11327,11326,11943,9628,7605,3273,3275,3273,3276,3310,3307,3336,3378,3374,3374,3373,3320,3143,3074,3145,3143,3317,3317,3330,3387,3386,3384,2536,3048,3046,3282,3284,3432,3429,3080,3076,3140,3014,3014,3014,3011,3011,3016,3013,3017,3008,3006,3008,3004,3009,3008,3006,3008,3007,3006,3004,3004,3005,3006,2950,2953,2966,3040,3041,3037,3039,3035,1713,1712,1711,1710,235
PH127,6603,6606,6606,6603,6600,6171,6674,16204,16204,16197,16198,16197,16212,16205,16185,16188,16183,16175,16181,16188,16189,16187,16193,16194,16193,16194,16197,16183,16176,16196,16192,16178,16194,10999,11913,11326,11325,11949,9626,7604,3272,3274,3272,3275,3310,3307,3336,3377,3373,3373,3372,3319,3143,3073,3144,3142,3316,3316,3329,3386,3385,3384,2535,3048,3046,3282,3284,3431,3428,3080,3076,3140,3014,3014,3014,3011,3011,3016,3013,3017,3008,3006,3008,3004,3009,3008,3006,3008,3007,3006,3004,3004,3005,3006,2950,2953,2966,3040,3041,3037,3039,3035,1713,1712,1710,1710,235
PH143,6605,6608,6608,6605,6602,6172,6675,16208,16207,16200,16202,16197,16205,16216,16186,16189,16184,16178,16182,16189,16193,16190,16196,16197,16198,16198,16198,16184,16182,16200,16196,16179,16195,10999,11917,11327,11329,11952,9626,7604,3272,3274,3272,3275,3310,3307,3336,3377,3373,3373,3372,3319,3143,3073,3144,3142,3316,3316,3329,3386,3385,3384,2535,3048,3046,3282,3284,3431,3428,3080,3076,3140,3014,3014,3014,3011,3011,3016,3013,3017,3008,3006,3008,3004,3009,3008,3006,3008,3007,3006,3004,3004,3005,3006,2950,2953,2966,3040,3041,3037,3039,3035,1713,1712,1710,1710,235
PH48,6601,6604,6605,6599,6598,6172,6676,16190,16187,16202,16200,16198,16185,16186,16215,16212,16202,16190,16198,16186,16173,16170,16176,16179,16175,16196,16196,16190,16173,16179,16178,16175,16195,10984,11908,11337,11326,11950,9634,7604,3272,3276,3272,3272,3307,3306,3332,3374,3373,3373,3374,3316,3140,3074,3146,3139,3315,3321,3328,3385,3386,3382,2533,3048,3046,3278,3285,3430,3430,3077,3077,3137,3011,3011,3010,3011,3010,3012,3014,3014,3005,3003,3005,3003,3006,3005,3005,3006,3008,3006,3003,3003,3005,3005,2949,2952,2965,3038,3038,3037,3041,3035,1713,1711,1710,1709,235
PH55,6606,6609,6611,6602,6602,6173,6677,16193,16190,16204,16203,16201,16188,16189,16212,16229,16202,16190,16200,16189,16176,16173,16179,16182,16178,16207,16206,16196,16173,16182,16181,16176,16205,10988,11912,11339,11327,11958,9636,7606,3273,3277,3273,3273,3309,3309,3334,3375,3375,3375,3376,3318,3141,3075,3147,3140,3315,3321,3328,3387,3388,3384,2535,3048,3046,3281,3288,3431,3431,3079,3079,3138,3012,3012,3011,3012,3011,3013,3015,3015,3007,3005,3007,3005,3008,3007,3007,3008,3010,3008,3005,3005,3007,3007,2950,2953,2966,3038,3038,3037,3041,3035,1714,1712,1711,1710,235
PH6,6604,6607,6608,6601,6600,6174,6678,16188,16185,16200,16198,16196,16183,16184,16202,16202,16208,16190,16196,16184,16171,16168,16174,16177,16175,16187,16187,16180,16168,16178,16177,16174,16187,10988,11911,11333,11327,11948,9633,7607,3273,3277,3273,3273,3308,3307,3333,3375,3374,3374,3375,3317,3141,3075,3147,3140,3315,3320,3328,3387,3388,3384,2533,3048,3046,3279,3285,3431,3431,3077,3077,3137,3012,3012,3011,3012,3011,3013,3015,3015,3006,3004,3006,3004,3007,3006,3006,3007,3009,3007,3004,3004,3006,3006,2950,2953,2966,3038,3038,3037,3041,3035,1714,1712,1711,1710,235
PH59,6598,6601,6601,6596,6595,6171,6670,16180,16176,16191,16189,16188,16175,16178,16190,16190,16190,16195,16187,16180,16162,16160,16165,16169,16169,16176,16176,16168,16169,16170,16169,16164,16176,10985,11910,11332,11324,11941,9630,7599,3270,3272,3270,3270,3304,3304,3330,3372,3373,3373,3370,3316,3137,3071,3142,3139,3313,3316,3326,3384,3383,3381,2533,3046,3044,3279,3282,3427,3427,3075,3074,3135,3008,3008,3008,3008,3008,3010,3010,3012,3003,3003,3003,3003,3004,3003,3003,3003,3004,3003,3003,3003,3002,3003,2947,2950,2963,3035,3036,3035,3037,3035,1710,1709,1710,1709,235
PH54,6599,6602,6603,6597,6598,6173,6673,16186,16182,16197,16195,16194,16181,16182,16198,16200,16196,16187,16204,16180,16168,16166,16171,16175,16171,16182,16182,16175,16167,16176,16175,16171,16182,10984,11909,11329,11326,11941,9630,7604,3270,3272,3270,3270,3304,3304,3330,3372,3371,3371,3370,3314,3137,3071,3142,3137,3313,3316,3326,3384,3383,3381,2534,3046,3046,3280,3283,3427,3427,3076,3075,3135,3008,3008,3008,3008,3008,3010,3010,3012,3003,3001,3003,3001,3004,3003,3003,3003,3004,3003,3001,3001,3002,3003,2947,2950,2963,3035,3036,3035,3037,3035,1710,1709,1708,1707,235
PH38,6601,6604,6605,6599,6598,6168,6673,16191,16187,16186,16184,16183,16188,16189,16186,16189,16184,16180,16180,16211,16175,16173,16178,16180,16178,16190,16190,16184,16178,16183,16182,16177,16190,10993,11914,11334,11325,11953,9629,7599,3272,3275,3272,3272,3306,3306,3332,3374,3373,3373,3373,3316,3139,3073,3145,3139,3315,3319,3328,3386,3386,3383,2533,3047,3045,3279,3284,3429,3429,3077,3076,3137,3010,3010,3010,3010,3010,3012,3013,3014,3005,3003,3005,3003,3006,3005,3005,3005,3007,3006,3003,3003,3005,3005,2949,2952,2965,3037,3038,3037,3040,3035,1712,1711,1709,1709,235
PH125,6606,6609,6609,6603,6602,6171,6675,16192,16192,16187,16189,16183,16189,16193,16173,16176,16171,16162,16168,16175,16203,16192,16191,16189,16190,16193,16193,16179,16174,16194,16190,16173,16190,11000,11916,11328,11329,11953,9628,7604,3273,3276,3273,3276,3310,3307,3336,3378,3374,3374,3374,3318,3144,3072,3143,3143,3317,3318,3330,3387,3387,3384,2536,3048,3046,3282,3284,3433,3430,3080,3077,3140,3015,3015,3014,3012,3011,3015,3013,3017,3008,3006,3008,3003,3008,3008,3006,3009,3008,3006,3004,3004,3005,3006,2950,2953,2966,3041,3040,3037,3040,3034,1712,1709,1707,1707,235
PH135,6605,6608,6608,6603,6602,6172,6709,16189,16189,16184,16185,16182,16187,16190,16170,16173,16168,16160,16166,16173,16192,16308,16188,16187,16188,16189,16189,16176,16172,16191,16187,16171,16186,10998,11914,11325,11327,11951,9626,7603,3273,3275,3273,3276,3310,3308,3337,3378,3374,3374,3373,3320,3142,3071,3142,3143,3317,3317,3330,3386,3385,3383,2535,3047,3045,3282,3283,3432,3429,3080,3076,3141,3014,3014,3014,3011,3011,3015,3012,3017,3008,3006,3008,3003,3008,3008,3006,3008,3007,3006,3004,3004,3005,3006,2950,2953,2966,3041,3041,3038,3040,3035,1711,1709,1707,1707,235
PH114,6607,6610,6610,6604,6603,6172,6676,16195,16196,16191,16192,16187,16193,16196,16176,16179,16174,16165,16171,16178,16191,16188,16264,16246,16250,16252,16252,16238,16233,16205,16201,16186,16201,10999,11915,11325,11326,11950,9628,7604,3272,3275,3272,3275,3309,3313,3336,3377,3373,3373,3373,3319,3143,3073,3144,3142,3317,3318,3330,3387,3387,3384,2535,3048,3046,3282,3285,3433,3430,3080,3077,3139,3015,3015,3014,3012,3011,3016,3014,3017,3008,3006,3008,3003,3008,3008,3006,3009,3008,3006,3004,3004,3005,3006,2950,2953,2966,3040,3039,3036,3039,3034,1713,1712,1709,1709,235
PH144,6605,6608,6608,6605,6602,6172,6675,16201,16198,16191,16192,16188,16194,16197,16179,16182,16177,16169,16175,16180,16189,16187,16246,16285,16246,16250,16247,16236,16232,16204,16203,16186,16202,10995,11916,11325,11324,11951,9625,7600,3272,3274,3272,3272,3306,3316,3333,3374,3373,3373,3372,3316,3140,3072,3143,3139,3313,3316,3326,3386,3385,3384,2532,3048,3046,3279,3284,3428,3428,3077,3076,3137,3011,3011,3011,3011,3011,3013,3013,3015,3006,3004,3006,3003,3006,3006,3006,3006,3007,3006,3004,3004,3005,3006,2950,2953,2966,3037,3037,3037,3039,3035,1712,1712,1710,1709,235
PH139,6607,6610,6610,6605,6604,6173,6676,16195,16195,16190,16191,16187,16193,16198,16175,16178,16175,16169,16171,16178,16190,16188,16250,16246,16261,16256,16257,16243,16240,16205,16201,16184,16200,11000,11916,11327,11329,11953,9627,7604,3273,3275,3273,3276,3309,3314,3336,3378,3374,3374,3373,3320,3143,3073,3144,3143,3317,3317,3330,3387,3386,3384,2536,3048,3046,3282,3284,3432,3429,3080,3076,3140,3014,3014,3014,3011,3011,3016,3013,3017,3008,3006,3008,3003,3008,3008,3006,3008,3007,3006,3004,3004,3005,3006,2951,2953,2966,3040,3040,3037,3039,3035,1712,1712,1709,1709,235
PH34,6611,6614,6617,6607,6607,6176,6680,16200,16197,16196,16195,16189,16194,16198,16196,16207,16187,16176,16182,16190,16193,16189,16252,16250,16256,16293,16284,16263,16251,16207,16206,16194,16229,10998,11922,11342,11331,11975,9635,7607,3273,3277,3273,3273,3308,3316,3334,3375,3375,3375,3376,3318,3141,3074,3146,3140,3315,3321,3328,3388,3389,3385,2534,3049,3047,3280,3287,3431,3431,3078,3078,3138,3012,3012,3011,3012,3011,3013,3015,3015,3007,3005,3007,3004,3007,3007,3007,3008,3010,3008,3005,3005,3007,3007,2951,2953,2966,3038,3037,3037,3041,3035,1713,1712,1709,1709,235
PH40,6611,6614,6616,6607,6607,6176,6680,16197,16197,16196,16195,16192,16197,16198,16196,16206,16187,16176,16182,16190,16193,16189,16252,16247,16257,16284,16288,16264,16245,16207,16203,16194,16228,11001,11919,11342,11331,11970,9635,7610,3273,3277,3273,3276,3311,3316,3337,3378,3375,3375,3376,3321,3144,3074,3146,3143,3318,3321,3331,3387,3388,3384,2537,3049,3047,3283,3287,3434,3431,3081,3078,3141,3015,3015,3014,3012,3011,3016,3015,3017,3009,3007,3009,3004,3009,3009,3007,3010,3010,3008,3005,3005,3007,3007,2951,2953,2966,3041,3040,3037,3041,3035,1713,1712,1709,1709,235
PH37,6605,6608,6610,6603,6602,6172,6678,16186,16183,16182,16181,16179,16183,16184,16190,16196,16180,16168,16175,16184,16179,16176,16238,16236,16243,16263,16264,16264,16238,16193,16192,16188,16210,10991,11911,11334,11324,11957,9632,7602,3273,3277,3273,3273,3307,3314,3333,3375,3374,3374,3375,3317,3141,3074,3146,3140,3315,3321,3328,3386,3387,3383,2533,3047,3045,3278,3285,3431,3431,3077,3077,3137,3012,3012,3011,3012,3011,3013,3015,3015,3006,3004,3006,3003,3006,3006,3006,3007,3009,3007,3004,3004,3006,3006,2951,2953,2966,3038,3037,3037,3041,3035,1713,1712,1709,1709,235
PH32,6600,6603,6603,6599,6598,6170,6671,16182,16178,16177,16176,16172,16176,16182,16173,16173,16168,16169,16167,16178,16174,16172,16233,16232,16240,16251,16245,16238,16251,16190,16189,16181,16192,10989,11913,11328,11326,11949,9625,7597,3269,3271,3269,3269,3302,3310,3329,3371,3372,3372,3369,3315,3137,3070,3141,3139,3312,3315,3325,3384,3383,3381,2532,3046,3044,3278,3281,3426,3426,3075,3074,3135,3007,3007,3007,3007,3007,3009,3009,3011,3002,3002,3002,3001,3002,3002,3002,3002,3003,3002,3002,3002,3001,3002,2947,2949,2962,3035,3035,3035,3037,3035,1709,1709,1708,1708,235
PH119,6613,6611,6611,6606,6610,6173,6677,16199,16198,16193,16195,16190,16196,16200,16179,16182,16178,16170,16176,16183,16194,16191,16205,16204,16205,16207,16207,16193,16190,16238,16234,16198,16213,11000,11933,11328,11330,11953,9626,7604,3273,3275,3273,3276,3309,3307,3336,3378,3374,3374,3373,3325,3143,3073,3144,3143,3317,3317,3330,3387,3386,3384,2536,3048,3046,3282,3284,3432,3429,3080,3076,3140,3014,3014,3014,3011,3011,3016,3013,3017,3008,3006,3008,3003,3008,3008,3006,3008,3007,3006,3004,3004,3005,3006,2950,2953,2966,3040,3040,3037,3039,3035,1712,1712,1709,1709,235
PH136,6613,6611,6611,6606,6610,6173,6677,16198,16194,16189,16191,16186,16192,16196,16178,16181,16177,16169,16175,16182,16190,16187,16201,16203,16201,16206,16203,16192,16189,16234,16236,16197,16212,10996,11932,11327,11326,11952,9625,7601,3273,3275,3273,3273,3306,3307,3333,3375,3374,3374,3373,3322,3140,3073,3144,3140,3314,3317,3327,3387,3386,3384,2533,3048,3046,3279,3284,3429,3429,3077,3076,3137,3011,3011,3011,3011,3011,3013,3013,3015,3006,3004,3006,3003,3006,3006,3006,3006,3007,3006,3004,3004,3005,3006,2950,2953,2966,3037,3037,3037,3039,3035,1712,1712,1709,1709,235
PH31,6604,6607,6607,6603,6602,6170,6676,16181,16177,16176,16175,16174,16178,16179,16175,16176,16174,16164,16171,16177,16173,16171,16186,16186,16184,16194,16194,16188,16181,16198,16197,16205,16205,10992,11911,11324,11324,11946,9626,7603,3272,3274,3272,3272,3305,3306,3332,3374,3373,3373,3372,3316,3139,3072,3143,3139,3312,3315,3325,3385,3384,3382,2533,3048,3046,3278,3283,3428,3428,3077,3076,3137,3010,3010,3010,3010,3010,3012,3012,3014,3005,3003,3005,3002,3005,3005,3005,3005,3006,3005,3003,3003,3004,3005,2949,2952,2965,3037,3037,3037,3039,3035,1711,1711,1708,1708,235
PH36,6611,6614,6616,6607,6607,6175,6681,16197,16194,16193,16192,16189,16194,16195,16195,16205,16187,16176,16182,16190,16190,16186,16201,16202,16200,16229,16228,16210,16192,16213,16212,16205,16240,10998,11919,11341,11328,11969,9635,7607,3273,3277,3273,3273,3308,3309,3334,3375,3375,3375,3376,3318,3141,3074,3146,3140,3315,3321,3328,3387,3388,3384,2534,3049,3047,3280,3287,3431,3431,3078,3078,3138,3012,3012,3011,3012,3011,3013,3015,3015,3007,3005,3007,3004,3007,3007,3007,3008,3010,3008,3005,3005,3007,3007,2950,2953,2966,3038,3037,3037,3041,3035,1713,1712,1709,1709,235
PH110,6566,6569,6570,6561,6561,6280,7056,10996,10998,10993,10994,10993,10999,10999,10984,10988,10988,10985,10984,10993,11000,10998,10999,10995,11000,10998,11001,10991,10989,11000,10996,10992,10998,16000,11318,10776,10774,11074,8962,7297,3259,3262,3259,3262,3309,3305,3322,3445,3441,3441,3441,3398,3122,3046,3121,3121,3355,3356,3376,3501,3501,3500,2557,3074,3072,3262,3264,3406,3403,3074,3071,3192,3023,3022,3021,3019,3018,3022,3020,3044,3041,3039,3041,3036,3041,3041,3040,3043,3041,3039,3038,3038,3038,3039,2988,2991,3013,3136,3135,3132,3135,3129,1725,1722,1720,1720,240
PH122,6731,6718,6716,6717,6719,6335,6857,11917,11914,11916,11914,11910,11913,11917,11908,11912,11911,11910,11909,11914,11916,11914,11915,11916,11916,11922,11919,11911,11913,11933,11932,11911,11919,11318,16829,13120,13116,13380,10157,7656,3171,3173,3171,3171,3288,3290,3316,3329,3328,3328,3328,3291,3061,2992,3064,3062,3259,3262,3279,3351,3350,3349,2533,3002,3001,3241,3244,3405,3405,2975,2974,3084,2962,2962,2962,2962,2962,2963,2963,2972,2960,2958,2960,2957,2960,2960,2960,2960,2961,2960,2958,2958,2959,2960,2898,2902,2910,3003,3003,3003,3005,3001,1658,1656,1654,1654,224
PH26,6409,6413,6414,6409,6408,5999,6688,11327,11325,11331,11329,11327,11326,11327,11337,11339,11333,11332,11329,11334,11328,11325,11325,11325,11327,11342,11342,11334,11328,11328,11327,11324,11341,10776,13120,15523,15497,12299,9469,7149,3239,3243,3239,3239,3317,3317,3350,3446,3445,3445,3447,3407,3127,3058,3131,3126,3268,3274,3289,3488,3489,3486,2533,3101,3099,3630,3626,3362,3361,3049,3049,3120,3000,3000,2999,3000,2999,3000,3002,3024,3002,3000,3002,2999,3002,3002,3002,3003,3005,3003,3000,3000,3002,3002,2954,2958,2969,3075,3074,3074,3078,3071,1726,1723,1721,1721,221
PH27,6406,6410,6410,6408,6407,5993,6686,11326,11326,11332,11330,11326,11325,11329,11326,11327,11327,11324,11326,11325,11329,11327,11326,11324,11329,11331,11331,11324,11326,11330,11326,11324,11328,10774,13116,15497,15506,12290,9463,7150,3238,3240,3238,3241,3318,3316,3352,3449,3445,3445,3445,3410,3127,3055,3127,3127,3267,3267,3288,3486,3485,3484,2535,3098,3096,3630,3621,3360,3356,3052,3048,3120,3001,3001,3001,2998,2998,3002,2999,3025,3004,3002,3004,2999,3004,3004,3002,3004,3003,3002,3000,3000,3001,3002,2953,2957,2968,3076,3076,3073,3075,3070,1725,1723,1721,1721,221
PH33,6600,6602,6603,6594,6595,6150,6701,11952,11951,11950,11947,11943,11949,11952,11950,11958,11948,11941,11941,11953,11953,11951,11950,11951,11953,11975,11970,11957,11949,11953,11952,11946,11969,11074,13380,12299,12290,15982,9844,7468,3150,3154,3150,3150,3255,3255,3279,3283,3283,3283,3285,3239,3021,2950,3025,3020,3238,3244,3256,3335,3337,3336,2511,3007,3006,3188,3193,3327,3327,2925,2925,3030,2904,2904,2903,2904,2903,2904,2906,2912,2913,2911,2913,2910,2913,2913,2913,2914,2916,2914,2911,2911,2913,2913,2858,2862,2874,2962,2961,2961,2965,2959,1644,1641,1639,1639,236
PH8,7055,7054,7056,7050,7051,6712,7085,9626,9625,9633,9629,9628,9626,9626,9634,9636,9633,9630,9630,9629,9628,9626,9628,9625,9627,9635,9635,9632,9625,9626,9625,9626,9635,8962,10157,9469,9463,9844,16891,8777,3198,3201,3198,3198,3215,3215,3246,3408,3407,3407,3408,3348,3141,3063,3141,3138,3314,3318,3334,3351,3351,3350,2547,3057,3056,3288,3292,3486,3485,3043,3045,3138,3050,3050,3049,3051,3050,3049,3050,3070,3041,3039,3041,3038,3041,3041,3041,3042,3043,3041,3039,3039,3040,3041,2982,2985,3001,3034,3033,3034,3036,3031,1697,1694,1692,1692,225
PH49,5231,5231,5233,5226,5225,5004,5349,7601,7605,7610,7606,7605,7604,7604,7604,7606,7607,7599,7604,7599,7604,7603,7604,7600,7604,7607,7610,7602,7597,7604,7601,7603,7607,7297,7656,7149,7150,7468,8777,12873,3212,3215,3212,3215,3319,3316,3335,3402,3399,3399,3399,3358,3202,3118,3204,3205,3325,3326,3333,3384,3384,3380,2580,3146,3145,3281,3281,3401,3395,3069,3068,3245,3010,3010,3009,3007,3006,3009,3007,3013,2970,2969,2970,2965,2970,2970,2969,2972,2971,2968,2967,2967,2968,2968,2937,2940,2956,3140,3139,3136,3139,3134,1727,1724,1722,1722,220
PH108,2991,2992,2993,2990,2989,2770,3195,3272,3272,3273,3273,3273,3272,3272,3272,3273,3273,3270,3270,3272,3273,3273,3272,3272,3273,3273,3273,3273,3269,3273,3273,3272,3273,3259,3171,3239,3238,3150,3198,3212,6959,6950,6950,6950,3339,3339,3320,3304,3303,3303,3302,3255,3193,3115,3195,3194,3064,3066,3068,3288,3288,3286,2567,3065,3063,3211,3210,3170,3170,3143,3142,3421,3018,3018,3018,3018,3018,3018,3018,3026,2992,2990,2992,2989,2992,2992,2993,2992,2992,2992,2990,2990,2991,2992,3011,3013,3030,3248,3248,3248,3249,3245,1825,1825,1823,1823,265
PH7,2992,2993,2994,2990,2989,2771,3198,3274,3275,3276,3276,3275,3274,3274,3276,3277,3277,3272,3272,3275,3276,3275,3275,3274,3275,3277,3277,3277,3271,3275,3275,3274,3277,3262,3173,3243,3240,3154,3201,3215,6950,6965,6954,6950,3341,3340,3321,3306,3305,3305,3306,3257,3196,3118,3199,3196,3064,3068,3068,3288,3290,3286,2568,3065,3063,3213,3213,3173,3173,3143,3143,3422,3020,3020,3019,3020,3019,3019,3021,3027,2993,2991,2993,2990,2993,2993,2994,2994,2996,2994,2991,2991,2993,2993,3012,3015,3031,3249,3248,3248,3252,3245,1827,1826,1824,1824,265
PH22,2991,2992,2993,2990,2989,2770,3195,3272,3272,3273,3273,3273,3272,3272,3272,3273,3273,3270,3270,3272,3273,3273,3272,3272,3273,3273,3273,3273,3269,3273,3273,3272,3273,3259,3171,3239,3238,3150,3198,3212,6950,6954,6957,6950,3339,3339,3320,3304,3303,3303,3302,3255,3193,3115,3195,3194,3064,3066,3068,3288,3288,3286,2567,3065,3063,3211,3210,3170,3170,3143,3142,3421,3018,3018,3018,3018,3018,3018,3018,3026,2992,2990,2992,2989,2992,2992,2993,2992,2992,2992,2990,2990,2991,2992,3011,3013,3030,3248,3248,3248,3249,3245,1825,1825,1823,1823,265
PH128,2991,2992,2993,2990,2989,2770,3195,3272,3275,3276,3276,3276,3275,3275,3272,3273,3273,3270,3270,3272,3276,3276,3275,3272,3276,3273,3276,3273,3269,3276,3273,3272,3273,3262,3171,3239,3241,3150,3198,3215,6950,6950,6950,6956,3342,3339,3323,3307,3303,3303,3302,3258,3196,3115,3195,3197,3067,3066,3071,3288,3288,3286,2570,3065,3063,3214,3210,3173,3170,3146,3142,3424,3021,3021,3021,3018,3018,3021,3018,3028,2994,2992,2994,2989,2994,2994,2993,2994,2992,2992,2990,2990,2991,2992,3011,3013,3030,3251,3251,3248,3249,3245,1825,1825,1823,1823,265
PH132,2959,2957,2958,2953,2952,2608,3215,3307,3311,3311,3311,3310,3310,3310,3307,3309,3308,3304,3304,3306,3310,3310,3309,3306,3309,3308,3311,3307,3302,3309,3306,3305,3308,3309,3288,3317,3318,3255,3215,3319,3339,3341,3339,3342,6727,6714,6358,3324,3320,3320,3319,3311,3146,3115,3176,3172,3165,3164,3169,3188,3188,3189,2496,3311,3309,3465,3467,3243,3237,3280,3275,3214,3059,3059,3055,3053,3052,3058,3053,3048,3014,3012,3014,3010,3012,3014,3012,3015,3014,3012,3007,3007,3012,3012,2996,3003,3036,3124,3124,3117,3123,3114,1729,1728,1726,1726,209
PH3,2955,2953,2954,2949,2949,2607,3210,3307,3307,3307,3307,3307,3307,3307,3306,3309,3307,3304,3304,3306,3307,3308,3313,3316,3314,3316,3316,3314,3310,3307,3307,3306,3309,3305,3290,3317,3316,3255,3215,3316,3339,3340,3339,3339,6714,6842,6350,3321,3321,3321,3319,3309,3139,3113,3171,3169,3162,3163,3166,3188,3187,3189,2510,3310,3308,3463,3468,3236,3236,3276,3273,3210,3052,3052,3052,3052,3052,3052,3052,3043,3010,3008,3010,3007,3010,3010,3010,3010,3011,3010,3008,3008,3010,3010,2996,3000,3033,3115,3115,3115,3117,3112,1727,1727,1725,1725,209
PH99,2988,2986,2987,2984,2982,2663,3269,3333,3336,3336,3336,3336,3336,3336,3332,3334,3333,3330,3330,3332,3336,3337,3336,3333,3336,3334,3337,3333,3329,3336,3333,3332,3334,3322,3316,3350,3352,3279,3246,3335,3320,3321,3320,3323,6358,6350,6816,3327,3323,3323,3321,3314,3172,3140,3201,3199,3129,3127,3134,3195,3194,3194,2493,3347,3345,3526,3527,3202,3196,3260,3255,3224,3079,3079,3076,3073,3073,3079,3073,3074,3093,3091,3093,3088,3090,3093,3091,3093,3092,3091,3086,3086,3091,3091,3030,3037,3070,3134,3134,3128,3133,3125,1732,1732,1730,1730,212
PH100,3537,3539,3539,3535,3532,3237,4315,3374,3377,3378,3378,3378,3377,3377,3374,3375,3375,3372,3372,3374,3378,3378,3377,3374,3378,3375,3378,3375,3371,3378,3375,3374,3375,3445,3329,3446,3449,3283,3408,3402,3304,3306,3304,3307,3324,3321,3327,8062,8034,8036,8039,6458,4156,4125,4327,4330,3339,3337,3340,4543,4543,4540,2996,3285,3283,3394,3395,3310,3307,3327,3323,3335,3104,3104,3104,3101,3101,3104,3101,3113,3172,3170,3172,3167,3172,3172,3170,3172,3171,3170,3168,3168,3170,3170,3137,3140,3168,3259,3259,3257,3258,3253,1864,1864,1862,1862,254
PH21,3537,3539,3539,3534,3532,3236,4311,3373,3373,3374,3374,3374,3373,3373,3373,3375,3374,3373,3371,3373,3374,3374,3373,3373,3374,3375,3375,3374,3372,3374,3374,3373,3375,3441,3328,3445,3445,3283,3407,3399,3303,3305,3303,3303,3320,3321,3323,8034,8055,8047,8047,6454,4150,4122,4324,4326,3335,3336,3336,4538,4538,4535,2995,3285,3283,3392,3394,3306,3306,3324,3323,3332,3100,3100,3100,3100,3100,3100,3100,3110,3170,3170,3170,3169,3170,3170,3170,3170,3171,3170,3170,3170,3170,3170,3136,3139,3167,3255,3255,3256,3257,3254,1863,1863,1863,1863,254
PH4,3539,3541,3541,3536,3534,3236,4315,3373,3373,3374,3374,3374,3373,3373,3373,3375,3374,3373,3371,3373,3374,3374,3373,3373,3374,3375,3375,3374,3372,3374,3374,3373,3375,3441,3328,3445,3445,3283,3407,3399,3303,3305,3303,3303,3320,3321,3323,8036,8047,8060,8050,6459,4150,4120,4320,4323,3335,3336,3336,4542,4543,4539,2995,3285,3283,3392,3394,3306,3306,3324,3323,3332,3100,3100,3100,3100,3100,3100,3100,3110,3170,3170,3170,3169,3170,3170,3170,3170,3171,3170,3170,3170,3170,3170,3136,3139,3167,3255,3255,3256,3258,3254,1863,1863,1863,1863,254
PH56,3543,3545,3545,3539,3537,3240,4320,3372,3373,3374,3374,3373,3372,3372,3374,3376,3375,3370,3370,3373,3374,3373,3373,3372,3373,3376,3376,3375,3369,3373,3373,3372,3376,3441,3328,3447,3445,3285,3408,3399,3302,3306,3302,3302,3319,3319,3321,8039,8047,8050,8065,6455,4150,4122,4326,4323,3333,3336,3334,4543,4546,4540,2991,3284,3282,3389,3394,3306,3306,3326,3326,3330,3101,3101,3100,3101,3100,3100,3102,3110,3172,3170,3172,3169,3172,3172,3172,3173,3175,3173,3170,3170,3173,3172,3138,3141,3169,3254,3253,3254,3258,3250,1866,1865,1863,1863,254
PH50,3507,3504,3504,3499,3502,3324,4084,3316,3319,3320,3320,3320,3319,3319,3316,3318,3317,3316,3314,3316,3318,3320,3319,3316,3320,3318,3321,3317,3315,3325,3322,3316,3318,3398,3291,3407,3410,3239,3348,3358,3255,3257,3255,3258,3311,3309,3314,6458,6454,6459,6455,7969,3648,3450,3650,3653,3341,3339,3339,4344,4344,4342,3124,3226,3224,3354,3353,3260,3257,3189,3185,3230,3063,3063,3063,3060,3061,3063,3060,3057,3086,3086,3086,3083,3086,3086,3084,3086,3085,3084,3084,3084,3084,3084,3057,3060,3086,3216,3216,3214,3216,3211,1858,1858,1858,1858,258
PH138,2906,2907,2908,2905,2902,2572,3076,3140,3144,3144,3144,3143,3143,3143,3140,3141,3141,3137,3137,3139,3144,3142,3143,3140,3143,3141,3144,3141,3137,3143,3140,3139,3141,3122,3061,3127,3127,3021,3141,3202,3193,3196,3193,3196,3146,3139,3172,4156,4150,4150,4150,3648,6611,6232,6436,6429,3190,3190,3196,3760,3760,3757,2610,3249,3247,3194,3195,3259,3251,3510,3507,3202,3028,3028,3024,3022,3021,3027,3022,3022,3013,3011,3013,3008,3010,3013,3011,3014,3013,3011,3006,3006,3010,3011,2987,2993,3005,3100,3099,3094,3099,3090,1780,1779,1777,1777,226
PH18,2843,2840,2841,2837,2835,2496,3011,3073,3074,3075,3075,3074,3073,3073,3074,3075,3075,3071,3071,3073,3072,3071,3073,3072,3073,3074,3074,3074,3070,3073,3073,3072,3074,3046,2992,3058,3055,2950,3063,3118,3115,3118,3115,3115,3115,3113,3140,4125,4122,4120,4122,3450,6232,6532,6530,6440,3103,3106,3109,3682,3682,3675,2525,3179,3177,3111,3115,3204,3202,3449,3449,3124,2944,2944,2943,2944,2943,2944,2945,2940,2933,2931,2933,2931,2934,2933,2933,2934,2935,2933,2931,2931,2932,2933,2909,2912,2924,3013,3013,3013,3015,3009,1765,1765,1763,1763,226
PH35,2907,2904,2905,2901,2899,2572,3078,3144,3145,3146,3146,3145,3144,3144,3146,3147,3147,3142,3142,3145,3143,3142,3144,3143,3144,3146,3146,3146,3141,3144,3144,3143,3146,3121,3064,3131,3127,3025,3141,3204,3195,3199,3195,3195,3176,3171,3201,4327,4324,4320,4326,3650,6436,6530,6742,6644,3189,3193,3195,3764,3765,3757,2611,3249,3247,3193,3197,3290,3285,3512,3512,3200,3025,3025,3021,3022,3021,3025,3024,3020,3011,3009,3011,3009,3009,3011,3011,3012,3014,3012,3006,3006,3011,3011,2987,2993,3005,3098,3098,3095,3101,3091,1780,1780,1778,1778,226
PH23,2900,2897,2898,2895,2893,2571,3071,3139,3142,3143,3143,3143,3142,3142,3139,3140,3140,3139,3137,3139,3143,3143,3142,3139,3143,3140,3143,3140,3139,3143,3140,3139,3140,3121,3062,3126,3127,3020,3138,3205,3194,3196,3194,3197,3172,3169,3199,4330,4326,4323,4323,3653,6429,6440,6644,6724,3188,3187,3194,3759,3758,3752,2610,3248,3246,3196,3193,3285,3282,3509,3505,3200,3022,3022,3022,3019,3019,3022,3019,3017,3008,3008,3008,3005,3008,3008,3006,3008,3007,3006,3006,3006,3005,3006,2985,2988,3000,3094,3094,3092,3093,3090,1777,1777,1777,1777,226
PH104,3873,3874,3873,3871,3869,4271,4120,3313,3316,3317,3317,3317,3316,3316,3315,3315,3315,3313,3313,3315,3317,3317,3317,3313,3317,3315,3318,3315,3312,3317,3314,3312,3315,3355,3259,3268,3267,3238,3314,3325,3064,3064,3064,3067,3165,3162,3129,3339,3335,3335,3333,3341,3190,3103,3189,3188,8615,8602,8457,3286,3286,3284,2620,3237,3235,3161,3161,3614,3607,3361,3358,3274,3061,3061,3061,3058,3058,3061,3058,3117,3114,3112,3114,3109,3114,3114,3112,3114,3112,3112,3110,3110,3111,3112,3093,3095,3125,3203,3203,3200,3201,3197,1840,1839,1838,1838,235
PH1,3873,3874,3875,3870,3868,4271,4124,3316,3317,3318,3318,3317,3316,3316,3321,3321,3320,3316,3316,3319,3318,3317,3318,3316,3317,3321,3321,3321,3315,3317,3317,3315,3321,3356,3262,3274,3267,3244,3318,3326,3066,3068,3066,3066,3164,3163,3127,3337,3336,3336,3336,3339,3190,3106,3193,3187,8602,8624,8456,3287,3289,3285,2618,3238,3236,3159,3164,3612,3608,3360,3360,3272,3060,3060,3059,3060,3059,3059,3061,3116,3114,3112,3114,3111,3114,3114,3114,3115,3116,3115,3112,3112,3114,3114,3095,3097,3127,3202,3201,3201,3204,3198,1841,1839,1838,1838,235
PH112,3881,3882,3882,3879,3877,4283,4139,3326,3329,3330,3330,3330,3329,3329,3328,3328,3328,3326,3326,3328,3330,3330,3330,3326,3330,3328,3331,3328,3325,3330,3327,3325,3328,3376,3279,3289,3288,3256,3334,3333,3068,3068,3068,3071,3169,3166,3134,3340,3336,3336,3334,3339,3196,3109,3195,3194,8457,8456,8650,3269,3269,3267,2615,3247,3245,3157,3157,3607,3600,3350,3346,3259,3050,3050,3050,3047,3047,3050,3047,3104,3105,3103,3105,3100,3105,3105,3103,3105,3103,3103,3101,3101,3102,3103,3083,3085,3116,3182,3182,3179,3180,3176,1834,1833,1832,1832,229
PH129,3483,3485,3487,3481,3477,3355,4174,3386,3386,3387,3387,3387,3386,3386,3385,3387,3387,3384,3384,3386,3387,3386,3387,3386,3387,3388,3387,3386,3384,3387,3387,3385,3387,3501,3351,3488,3486,3335,3351,3384,3288,3288,3288,3288,3188,3188,3195,4543,4538,4542,4543,4344,3760,3682,3764,3759,3286,3287,3269,8011,7990,7978,2539,3241,3239,3266,3268,3212,3210,3121,3120,3189,3103,3103,3103,3103,3103,3103,3103,3102,3097,3095,3097,3094,3097,3097,3097,3097,3097,3097,3095,3095,3096,3098,3092,3094,3116,3088,3088,3088,3089,3084,1828,1828,1826,1826,219
PH58,3483,3485,3487,3480,3476,3354,4175,3385,3386,3387,3387,3386,3385,3385,3386,3388,3388,3383,3383,3386,3387,3385,3387,3385,3386,3389,3388,3387,3383,3386,3386,3384,3388,3501,3350,3489,3485,3337,3351,3384,3288,3290,3288,3288,3188,3187,3194,4543,4538,4543,4546,4344,3760,3682,3765,3758,3286,3289,3269,7990,8024,7973,2539,3242,3240,3266,3270,3213,3211,3121,3121,3187,3103,3103,3102,3103,3102,3102,3104,3101,3096,3094,3096,3093,3096,3096,3096,3097,3099,3097,3094,3094,3096,3097,3091,3094,3115,3087,3086,3086,3090,3083,1829,1828,1826,1826,219
PH145,3480,3482,3484,3479,3474,3353,4172,3384,3384,3384,3384,3384,3384,3384,3382,3384,3384,3381,3381,3383,3384,3383,3384,3384,3384,3385,3384,3383,3381,3384,3384,3382,3384,3500,3349,3486,3484,3336,3350,3380,3286,3286,3286,3286,3189,3189,3194,4540,4535,4539,4540,4342,3757,3675,3757,3752,3284,3285,3267,7978,7973,8049,2534,3238,3236,3261,3263,3212,3210,3119,3118,3188,3100,3100,3100,3100,3100,3100,3100,3100,3095,3093,3095,3092,3095,3095,3095,3095,3095,3095,3093,3093,3094,3096,3090,3092,3114,3089,3089,3089,3090,3085,1828,1828,1826,1826,219
PH121,2510,2512,2512,2508,2509,2558,2553,2532,2535,2536,2536,2536,2535,2535,2533,2535,2533,2533,2534,2533,2536,2535,2535,2532,2536,2534,2537,2533,2532,2536,2533,2533,2534,2557,2533,2533,2535,2511,2547,2580,2567,2568,2567,2570,2496,2510,2493,2996,2995,2995,2991,3124,2610,2525,2611,2610,2620,2618,2615,2539,2539,2534,6524,2601,2601,2699,2696,2609,2598,2610,2607,2642,2534,2534,2531,2528,2528,2534,2528,2556,2545,2545,2545,2542,2542,2545,2543,2545,2544,2543,2540,2540,2543,2542,2533,2539,2553,2574,2574,2567,2572,2568,1254,1253,1253,1253,290
PH137,2868,2869,2870,2868,2867,2529,3058,3048,3048,3048,3048,3048,3048,3048,3048,3048,3048,3046,3046,3047,3048,3047,3048,3048,3048,3049,3049,3047,3046,3048,3048,3048,3049,3074,3002,3101,3098,3007,3057,3146,3065,3065,3065,3065,3311,3310,3347,3285,3285,3285,3284,3226,3249,3179,3249,3248,3237,3238,3247,3241,3242,3238,2601,6714,6698,3813,3816,3195,3195,3338,3337,3400,3059,3059,3059,3059,3059,3059,3059,3051,3061,3059,3061,3058,3061,3061,3061,3061,3061,3061,3059,3059,3060,3061,3032,3035,3061,3061,3061,3061,3062,3058,1734,1734,1732,1732,234
PH13,2865,2866,2867,2865,2866,2529,3056,3046,3046,3046,3046,3046,3046,3046,3046,3046,3046,3044,3046,3045,3046,3045,3046,3046,3046,3047,3047,3045,3044,3046,3046,3046,3047,3072,3001,3099,3096,3006,3056,3145,3063,3063,3063,3063,3309,3308,3345,3283,3283,3283,3282,3224,3247,3177,3247,3246,3235,3236,3245,3239,3240,3236,2601,6698,6713,3813,3814,3193,3193,3336,3335,3398,3057,3057,3057,3057,3057,3057,3057,3049,3059,3057,3059,3056,3059,3059,3059,3059,3059,3059,3057,3057,3058,3059,3030,3033,3059,3059,3059,3059,3060,3058,1733,1732,1730,1730,234
PH15,3037,3038,3039,3035,3036,2680,3217,3279,3283,3282,3282,3282,3282,3282,3278,3281,3279,3279,3280,3279,3282,3282,3282,3279,3282,3280,3283,3278,3278,3282,3279,3278,3280,3262,3241,3630,3630,3188,3288,3281,3211,3213,3211,3214,3465,3463,3526,3394,3392,3392,3389,3354,3194,3111,3193,3196,3161,3159,3157,3266,3266,3261,2699,3813,3813,7201,7169,3246,3244,3289,3286,3295,3020,3020,3020,3017,3017,3020,3017,3016,3003,3003,3003,3000,3003,3003,3001,3003,3002,3001,3001,3001,3000,3001,2974,2978,3013,3124,3124,3121,3123,3122,1757,1757,1757,1757,212
PH9,3040,3041,3042,3037,3036,2680,3222,3284,3286,3285,3285,3284,3284,3284,3285,3288,3285,3282,3283,3284,3284,3283,3285,3284,3284,3287,3287,3285,3281,3284,3284,3283,3287,3264,3244,3626,3621,3193,3292,3281,3210,3213,3210,3210,3467,3468,3527,3395,3394,3394,3394,3353,3195,3115,3197,3193,3161,3164,3157,3268,3270,3263,2696,3816,3814,7169,7191,3248,3249,3289,3290,3294,3022,3022,3021,3022,3021,3021,3022,3018,3005,3003,3005,3002,3005,3005,3005,3006,3008,3005,3003,3003,3004,3005,2978,2983,3017,3126,3125,3125,3128,3123,1763,1762,1760,1760,212
PH115,4322,4320,4319,4312,4315,4908,4353,3428,3432,3433,3433,3432,3431,3431,3430,3431,3431,3427,3427,3429,3433,3432,3433,3428,3432,3431,3434,3431,3426,3432,3429,3428,3431,3406,3405,3362,3360,3327,3486,3401,3170,3173,3170,3173,3243,3236,3202,3310,3306,3306,3306,3260,3259,3204,3290,3285,3614,3612,3607,3212,3213,3212,2609,3195,3193,3246,3248,9512,9498,3745,3744,3241,4172,4172,4168,4166,4165,4171,4166,3913,3225,3223,3225,3220,3222,3225,3223,3227,3225,3223,3218,3218,3222,3224,3175,3182,3199,3137,3136,3131,3136,3128,1796,1794,1792,1792,232
PH11,4318,4316,4315,4308,4311,4900,4347,3428,3429,3430,3430,3429,3428,3428,3430,3431,3431,3427,3427,3429,3430,3429,3430,3428,3429,3431,3431,3431,3426,3429,3429,3428,3431,3403,3405,3361,3356,3327,3485,3395,3170,3173,3170,3170,3237,3236,3196,3307,3306,3306,3306,3257,3251,3202,3285,3282,3607,3608,3600,3210,3211,3210,2598,3195,3193,3244,3249,9498,9501,3738,3740,3237,4167,4167,4166,4167,4166,4166,4167,3909,3221,3219,3221,3218,3221,3221,3221,3223,3223,3221,3219,3219,3220,3222,3176,3180,3197,3132,3131,3132,3134,3129,1797,1795,1793,1793,232
PH116,2864,2865,2866,2860,2860,2514,3197,3077,3080,3080,3080,3080,3080,3080,3077,3079,3077,3075,3076,3077,3080,3080,3080,3077,3080,3078,3081,3077,3075,3080,3077,3077,3078,3074,2975,3049,3052,2925,3043,3069,3143,3143,3143,3146,3280,3276,3260,3327,3324,3324,3326,3189,3510,3449,3512,3509,3361,3360,3350,3121,3121,3119,2610,3338,3336,3289,3289,3745,3738,6598,6574,3680,3174,3174,3174,3171,3171,3174,3171,3154,3162,3160,3162,3157,3162,3162,3160,3162,3160,3160,3158,3158,3159,3160,3132,3135,3138,3134,3134,3131,3132,3128,1811,1811,1809,1809,223
PH140,2860,2861,2862,2857,2855,2513,3196,3076,3077,3077,3077,3076,3076,3076,3077,3079,3077,3074,3075,3076,3077,3076,3077,3076,3076,3078,3078,3077,3074,3076,3076,3076,3078,3071,2974,3049,3048,2925,3045,3068,3142,3143,3142,3142,3275,3273,3255,3323,3323,3323,3326,3185,3507,3449,3512,3505,3358,3360,3346,3120,3121,3118,2607,3337,3335,3286,3290,3744,3740,6574,6597,3677,3172,3172,3171,3172,3171,3171,3172,3152,3158,3156,3158,3155,3158,3158,3158,3159,3159,3158,3156,3156,3157,3158,3131,3134,3137,3132,3131,3132,3133,3128,1812,1811,1809,1809,223
