,PSM047,PSM163,PSM268,PSM194,PSM083,PSM113,PSM045,PSM278,PSM270,PSM123,PSM225,PSM183,PSM112,PSM258,PSM002,PSM065,PSM043,PSM103,PSM105,PSM116,PSM135,PSM227,PSM161,PSM068,PSM250,PSM024,PSM231,PSM030,PSM050,PSM301,PSM151,PSM143,PSM234,PSM099,PSM203,PSM127,PSM249,PSM155,PSM260,PSM130,PSM215,PSM004,PSM243,PSM014,PSM040,PSM100,PSM078,PSM262,PSM274,PSM200,PSM219,PSM235,PSM275,PSM212,PSM228,PSM149,PSM214,PSM013,PSM220,PSM213,PSM246,PSM118,PSM261,PSM204,PSM102,PSM181,PSM279,PSM179,PSM271,PSM240,PSM154,PSM107,PSM162,PSM239,PSM129,PSM145,PSM193,PSM208,PSM073,PSM058,PSM267,PSM104,PSM084,PSM087,PSM273,PSM198,PSM216,PSM090,PSM182,PSM051,PSM192,PSM029,PSM244,PSM280,PSM001,PSM232,PSM049,PSM066,PSM070,PSM146,PSM186,PSM086,PSM252,PSM207,PSM007,PSM131,PSM160,PSM218,PSM174,PSM010,PSM281,PSM178,PSM006,PSM085,PSM124,PSM237,PSM247,PSM236,PSM008,PSM115,PSM140,PSM254,PSM011,PSM026,PSM176,PSM021,PSM265,PSM036,PSM150,PSM012,PSM015,PSM053,PSM034,PSM253,PSM017,PSM201,PSM230,PSM098,PSM096,PSM039,PSM046,PSM119,PSM121,PSM197,PSM141,PSM101,PSM122,PSM052,PSM224,PSM077,PSM144,PSM060,PSM166,PSM210,PSM061,PSM157,PSM075,PSM269,PSM076,PSM003,PSM126,PSM111,PSM195,PSM199,PSM019,PSM222,PSM233,PSM032,PSM156,PSM038,PSM137,PSM037,PSM109,PSM259,PSM209,PSM238,PSM148,PSM159,PSM221,PSM202,PSM242,PSM080,PSM020,PSM257,PSM022,PSM035,PSM136,PSM206,PSM248,PSM251,PSM064,PSM042,PSM067,PSM266,PSM223,PSM229,PSM089,PSM263,PSM125,PSM185,PSM153,PSM033,PSM189,PSM217,PSM079,PSM056,PSM177,PSM110,PSM082,PSM054,PSM108,PSM132,PSM241,PSM074,PSM057,PSM165,PSM190,PSM196,PSM005,PSM245,PSM081,PSM128,PSM142,PSM027,PSM106,PSM114,PSM184,PSM031,PSM205,PSM055,PSM062,PSM256,PSM069,PSM147,PSM158,PSM097,PSM173,PSM120,PSM133,PSM272,PSM117,PSM191,PSM175,PSM023,PSM059,PSM095,PSM041
PSM047,78798,78030,78022,77823,77917,77879,12664,12664,12507,12733,12710,12668,12689,11329,2405,2405,2405,2405,2405,2405,2405,2405,2405,2405,2405,2405,2405,2368,2368,2354,2368,2368,2368,2406,2406,2406,2406,2405,2405,2405,2405,2405,2405,2405,2405,2405,2405,2405,2405,2405,2405,2405,2405,2405,2405,2405,2405,2405,2405,2405,2405,2405,2405,2405,2405,2331,2405,2405,2405,2405,2405,2405,2405,2406,2405,2405,2405,2834,2805,2855,2855,2686,2772,2870,2940,2604,2671,3741,3098,2405,2406,2405,2405,2405,2558,2424,2562,2562,2563,2562,2563,2555,2555,2560,2698,2680,2698,2698,2698,2718,2714,2753,2628,2627,2628,2627,2628,2671,2576,2578,2576,2580,2577,2577,2578,2578,2578,2577,2578,2577,2579,2579,2559,2549,2547,2535,2546,2548,2578,3254,3255,3186,3253,3252,3249,3259,4118,2571,2573,3171,2542,2662,2662,2663,2662,2653,2537,2730,2650,2513,2482,2513,2513,2513,2623,2623,2609,2623,2622,2621,2611,2633,2633,2585,2633,2633,2627,2635,2637,2637,2635,3119,2549,2549,2549,2549,2549,2549,2549,2548,2549,2656,2608,2607,2590,2605,2605,2606,2606,2605,2440,2633,2633,2631,2634,2633,2633,2629,2634,2631,2633,2634,2634,2634,2523,2514,2524,2523,2523,2523,2523,2523,2523,2522,2523,2523,2523,2523,2523,2523,2523,2484,2523,2523,2523,2523,2523,2523,2523,2523,2522,2522,2521,2435,2436,2460,2450
PSM163,78030,78501,78435,78240,78332,78289,12667,12668,12539,12737,12714,12669,12679,11344,2425,2425,2425,2425,2425,2425,2425,2425,2425,2425,2425,2425,2425,2388,2388,2374,2388,2388,2388,2426,2426,2426,2426,2425,2425,2425,2425,2424,2424,2424,2424,2424,2424,2424,2424,2424,2424,2424,2424,2424,2424,2424,2424,2424,2424,2424,2424,2424,2424,2424,2424,2350,2424,2424,2424,2424,2424,2424,2424,2425,2424,2424,2424,2855,2825,2875,2875,2706,2794,2887,2958,2624,2691,3766,3123,2424,2425,2424,2424,2424,2580,2446,2584,2584,2585,2584,2585,2577,2577,2582,2713,2695,2713,2713,2713,2736,2732,2768,2659,2658,2659,2658,2659,2699,2604,2606,2604,2608,2605,2605,2606,2606,2606,2605,2606,2605,2607,2607,2587,2577,2575,2563,2574,2576,2604,3274,3275,3206,3273,3272,3269,3279,4134,2594,2596,3209,2568,2694,2694,2695,2694,2684,2563,2756,2675,2527,2496,2527,2527,2527,2637,2637,2622,2637,2636,2636,2626,2648,2648,2600,2648,2648,2642,2649,2651,2651,2649,3153,2567,2567,2567,2567,2567,2567,2567,2566,2567,2675,2630,2629,2617,2632,2632,2633,2633,2632,2467,2659,2659,2657,2660,2659,2660,2655,2658,2657,2659,2660,2660,2660,2550,2541,2551,2550,2551,2551,2551,2551,2551,2550,2551,2551,2551,2551,2551,2551,2551,2512,2551,2551,2551,2551,2551,2551,2551,2551,2550,2550,2549,2464,2465,2489,2480
PSM268,78022,78435,78473,78234,78333,78293,12663,12663,12534,12731,12710,12665,12675,11337,2424,2424,2424,2424,2424,2424,2424,2424,2424,2424,2424,2424,2424,2387,2387,2373,2387,2387,2387,2425,2425,2425,2425,2424,2424,2424,2424,2424,2424,2424,2424,2424,2424,2424,2424,2424,2424,2424,2424,2424,2424,2424,2424,2424,2424,2424,2424,2424,2424,2424,2424,2350,2424,2424,2424,2424,2424,2424,2424,2425,2424,2424,2424,2855,2825,2875,2875,2706,2794,2887,2958,2624,2691,3765,3123,2424,2425,2424,2424,2424,2580,2446,2584,2584,2585,2584,2585,2577,2577,2582,2713,2695,2713,2713,2713,2736,2732,2768,2659,2658,2659,2658,2659,2699,2604,2606,2604,2608,2605,2605,2606,2606,2606,2605,2606,2605,2607,2607,2587,2577,2575,2563,2574,2576,2604,3274,3275,3206,3273,3272,3269,3279,4131,2594,2596,3208,2568,2694,2694,2695,2694,2684,2563,2756,2676,2527,2496,2527,2527,2527,2637,2637,2622,2637,2636,2636,2626,2649,2649,2601,2649,2649,2643,2649,2651,2651,2649,3152,2567,2567,2567,2567,2567,2567,2567,2566,2567,2675,2630,2629,2617,2632,2632,2633,2633,2632,2467,2659,2659,2657,2660,2659,2659,2655,2658,2657,2659,2660,2660,2660,2550,2541,2551,2550,2551,2551,2551,2551,2551,2550,2551,2551,2551,2551,2551,2551,2551,2512,2551,2551,2551,2551,2551,2551,2551,2551,2550,2550,2549,2464,2465,2489,2480
PSM194,77823,78240,78234,78351,78233,78186,12550,12550,12422,12616,12597,12550,12562,11223,2319,2319,2319,2319,2319,2319,2319,2319,2319,2319,2319,2319,2319,2282,2282,2268,2282,2282,2282,2320,2320,2320,2320,2319,2319,2319,2319,2319,2319,2319,2319,2319,2319,2319,2319,2319,2319,2319,2319,2319,2319,2319,2319,2319,2319,2319,2319,2319,2319,2319,2319,2245,2319,2319,2319,2319,2319,2319,2319,2320,2319,2319,2319,2750,2720,2770,2770,2601,2693,2781,2852,2519,2586,3661,3018,2319,2320,2319,2319,2319,2475,2341,2479,2479,2480,2479,2480,2472,2472,2477,2608,2590,2608,2608,2608,2631,2627,2663,2555,2554,2555,2554,2555,2594,2498,2500,2498,2502,2500,2500,2501,2500,2500,2500,2501,2500,2501,2501,2482,2472,2470,2459,2470,2472,2500,3168,3169,3101,3168,3167,3164,3172,4025,2489,2491,3104,2463,2589,2589,2590,2589,2579,2458,2651,2571,2423,2392,2423,2423,2423,2532,2532,2517,2532,2531,2531,2521,2543,2543,2495,2543,2543,2537,2545,2547,2547,2545,3047,2463,2463,2463,2463,2463,2463,2463,2462,2463,2570,2525,2524,2512,2527,2527,2527,2527,2526,2374,2554,2554,2552,2555,2554,2554,2550,2553,2552,2554,2555,2555,2555,2446,2437,2447,2446,2447,2447,2447,2447,2447,2446,2447,2447,2447,2447,2447,2447,2447,2408,2447,2447,2447,2447,2447,2447,2447,2447,2446,2446,2445,2360,2361,2385,2376
PSM083,77917,78332,78333,78233,78388,78292,12654,12654,12525,12722,12704,12656,12668,11328,2424,2424,2424,2424,2424,2424,2424,2424,2424,2424,2424,2424,2424,2387,2387,2373,2387,2387,2387,2425,2425,2425,2425,2424,2424,2424,2424,2424,2424,2424,2424,2424,2424,2424,2424,2424,2424,2424,2424,2424,2424,2424,2424,2424,2424,2424,2424,2424,2424,2424,2424,2350,2424,2424,2424,2424,2424,2424,2424,2425,2424,2424,2424,2855,2825,2875,2875,2706,2794,2887,2958,2624,2691,3766,3123,2424,2425,2424,2424,2424,2580,2446,2584,2584,2585,2584,2585,2577,2577,2582,2713,2695,2713,2713,2713,2736,2732,2768,2660,2659,2660,2659,2660,2699,2604,2606,2604,2608,2606,2606,2607,2606,2606,2606,2607,2606,2607,2607,2588,2577,2575,2564,2575,2577,2604,3274,3275,3207,3274,3273,3270,3278,4129,2594,2596,3208,2569,2694,2694,2695,2694,2684,2563,2756,2676,2528,2497,2528,2528,2528,2637,2637,2622,2637,2636,2636,2626,2648,2648,2600,2648,2648,2642,2649,2651,2651,2650,3152,2568,2568,2568,2568,2568,2568,2568,2567,2568,2675,2630,2629,2617,2632,2632,2632,2632,2631,2466,2658,2658,2658,2659,2658,2658,2654,2658,2657,2659,2660,2660,2660,2551,2542,2552,2551,2552,2552,2552,2552,2552,2551,2552,2552,2552,2552,2552,2552,2552,2513,2552,2552,2552,2552,2552,2552,2552,2552,2551,2551,2550,2465,2466,2490,2482
PSM113,77879,78289,78293,78186,78292,78346,12645,12644,12516,12713,12695,12647,12660,11318,2424,2424,2424,2424,2424,2424,2424,2424,2424,2424,2424,2424,2424,2387,2387,2373,2387,2387,2387,2425,2425,2425,2425,2424,2424,2424,2424,2424,2424,2424,2424,2424,2424,2424,2424,2424,2424,2424,2424,2424,2424,2424,2424,2424,2424,2424,2424,2424,2424,2424,2424,2350,2424,2424,2424,2424,2424,2424,2424,2425,2424,2424,2424,2854,2824,2873,2873,2704,2792,2887,2958,2624,2691,3763,3122,2424,2425,2424,2424,2424,2580,2446,2584,2584,2585,2584,2585,2577,2577,2582,2713,2695,2713,2713,2713,2736,2732,2768,2660,2659,2660,2659,2660,2699,2604,2606,2604,2608,2606,2606,2607,2606,2606,2606,2607,2606,2607,2607,2588,2577,2575,2564,2575,2577,2605,3273,3274,3206,3273,3272,3269,3277,4131,2594,2596,3210,2569,2694,2694,2695,2694,2684,2563,2756,2676,2528,2497,2528,2528,2528,2637,2637,2622,2637,2636,2636,2626,2648,2648,2600,2648,2648,2642,2649,2651,2651,2650,3152,2568,2568,2568,2568,2568,2568,2568,2567,2568,2675,2630,2629,2617,2632,2632,2632,2632,2631,2466,2659,2659,2657,2660,2659,2659,2655,2658,2657,2659,2660,2660,2660,2551,2542,2552,2551,2552,2552,2552,2552,2552,2551,2552,2552,2552,2552,2552,2552,2552,2513,2552,2552,2552,2552,2552,2552,2552,2552,2551,2551,2550,2465,2466,2490,2482
PSM045,12664,12667,12663,12550,12654,12645,32681,32635,32087,32654,32583,30495,30025,12007,2424,2424,2424,2424,2424,2425,2424,2424,2425,2424,2425,2425,2424,2387,2386,2372,2386,2386,2386,2425,2424,2424,2425,2424,2425,2424,2424,2424,2425,2425,2425,2425,2425,2425,2425,2424,2424,2424,2424,2424,2423,2424,2424,2425,2424,2424,2425,2425,2425,2424,2425,2350,2425,2425,2425,2425,2425,2425,2425,2426,2424,2425,2424,2778,2765,2801,2802,2632,2733,2866,2927,2539,2596,3636,3140,2424,2424,2425,2425,2425,2535,2397,2533,2533,2534,2534,2534,2526,2525,2532,2668,2650,2667,2667,2667,2775,2773,2799,2812,2812,2812,2812,2813,2899,2627,2628,2626,2628,2626,2626,2626,2628,2629,2626,2626,2626,2629,2629,2609,2579,2578,2568,2578,2579,2595,3838,3839,3770,3838,3837,3836,3843,5883,2490,2489,3743,2608,2702,2702,2702,2704,2643,2477,2671,2650,2461,2433,2462,2462,2462,2536,2536,2521,2537,2535,2537,2522,2571,2571,2523,2570,2571,2541,2550,2552,2552,2553,3190,2487,2486,2487,2486,2486,2486,2487,2487,2487,2546,2506,2506,2493,2508,2508,2509,2510,2507,2346,2703,2703,2703,2705,2705,2704,2701,2579,2567,2568,2569,2569,2569,2495,2509,2496,2495,2488,2488,2487,2487,2487,2486,2487,2487,2487,2488,2487,2488,2488,2450,2488,2488,2487,2487,2487,2487,2488,2488,2487,2486,2487,2445,2446,2471,2465
PSM278,12664,12668,12663,12550,12654,12644,32635,32700,32068,32638,32569,30482,30035,12012,2425,2425,2425,2425,2425,2426,2425,2425,2426,2425,2426,2426,2425,2388,2387,2373,2387,2387,2387,2426,2425,2425,2426,2425,2426,2425,2425,2424,2425,2425,2425,2425,2425,2425,2425,2424,2424,2424,2424,2424,2423,2424,2424,2425,2424,2424,2425,2425,2425,2424,2425,2350,2425,2425,2425,2425,2425,2425,2425,2426,2424,2425,2424,2780,2767,2801,2802,2632,2733,2866,2927,2538,2596,3636,3140,2424,2424,2425,2425,2425,2543,2405,2541,2541,2542,2542,2542,2526,2525,2532,2670,2650,2667,2667,2667,2783,2783,2800,2812,2812,2812,2812,2813,2899,2627,2628,2626,2628,2626,2626,2626,2628,2629,2626,2626,2626,2629,2629,2609,2579,2578,2568,2578,2579,2595,3838,3838,3770,3838,3837,3836,3843,5886,2490,2490,3752,2608,2702,2702,2702,2705,2644,2478,2672,2679,2461,2433,2462,2462,2462,2536,2536,2521,2537,2535,2537,2522,2579,2579,2531,2578,2579,2549,2550,2560,2552,2553,3191,2487,2486,2487,2486,2486,2486,2487,2487,2487,2545,2506,2506,2493,2508,2508,2509,2510,2507,2346,2704,2704,2704,2706,2706,2706,2702,2579,2567,2568,2569,2569,2569,2495,2517,2496,2495,2488,2488,2487,2487,2487,2486,2487,2487,2487,2488,2487,2488,2488,2450,2488,2488,2487,2487,2487,2487,2488,2488,2487,2486,2487,2445,2446,2471,2465
PSM270,12507,12539,12534,12422,12525,12516,32087,32068,32170,32094,32015,29966,29502,11915,2422,2422,2422,2422,2422,2423,2422,2422,2423,2422,2423,2423,2422,2385,2384,2370,2384,2384,2384,2423,2422,2422,2423,2422,2423,2422,2422,2422,2423,2423,2423,2423,2423,2423,2423,2422,2422,2422,2422,2422,2421,2422,2422,2423,2422,2422,2424,2423,2423,2422,2423,2348,2423,2423,2423,2423,2423,2423,2423,2424,2422,2423,2422,2769,2751,2793,2794,2624,2727,2861,2917,2534,2593,3605,3109,2422,2422,2423,2423,2423,2539,2401,2538,2538,2539,2538,2538,2530,2529,2536,2648,2628,2645,2645,2645,2754,2754,2795,2804,2804,2804,2804,2805,2882,2617,2618,2616,2618,2616,2616,2616,2618,2619,2616,2616,2616,2619,2619,2599,2569,2568,2559,2568,2569,2585,3828,3829,3760,3828,3827,3826,3833,5707,2490,2490,3739,2607,2708,2708,2708,2711,2649,2474,2668,2650,2457,2429,2458,2458,2458,2527,2527,2512,2528,2526,2528,2515,2568,2568,2520,2567,2568,2539,2548,2550,2550,2551,3198,2488,2487,2488,2487,2487,2487,2488,2488,2488,2555,2543,2543,2530,2545,2545,2546,2547,2544,2383,2703,2703,2703,2705,2705,2704,2701,2578,2565,2566,2567,2567,2567,2493,2508,2494,2493,2485,2485,2484,2484,2484,2483,2484,2484,2484,2485,2484,2485,2485,2447,2485,2485,2484,2484,2484,2484,2485,2485,2484,2483,2484,2442,2443,2469,2462
PSM123,12733,12737,12731,12616,12722,12713,32654,32638,32094,32766,32676,30575,30106,12079,2492,2492,2492,2492,2492,2493,2492,2492,2493,2492,2493,2493,2492,2455,2454,2440,2454,2454,2454,2493,2492,2492,2493,2492,2493,2492,2492,2491,2492,2492,2492,2492,2492,2492,2492,2491,2491,2491,2491,2491,2490,2491,2491,2492,2491,2491,2492,2492,2492,2491,2492,2417,2492,2492,2492,2492,2492,2492,2492,2493,2491,2492,2491,2845,2832,2868,2869,2699,2800,2935,2995,2606,2663,3703,3207,2491,2491,2492,2492,2492,2602,2464,2600,2600,2601,2601,2601,2593,2592,2599,2737,2717,2734,2734,2734,2842,2842,2867,2879,2879,2879,2879,2880,2966,2694,2695,2693,2695,2693,2693,2693,2695,2696,2693,2693,2693,2696,2696,2676,2646,2645,2634,2645,2646,2662,3905,3905,3837,3905,3904,3903,3910,5955,2557,2557,3813,2675,2769,2769,2769,2772,2710,2545,2739,2717,2528,2500,2529,2529,2529,2603,2603,2588,2604,2602,2604,2589,2638,2638,2590,2637,2638,2608,2617,2619,2619,2620,3258,2554,2553,2554,2553,2553,2553,2554,2554,2554,2613,2573,2573,2560,2575,2575,2576,2577,2574,2410,2770,2770,2770,2772,2772,2772,2768,2646,2635,2636,2637,2637,2637,2562,2576,2563,2562,2555,2555,2554,2554,2554,2553,2554,2554,2554,2555,2554,2555,2555,2516,2555,2555,2554,2554,2554,2554,2555,2555,2554,2553,2554,2512,2513,2538,2532
PSM225,12710,12714,12710,12597,12704,12695,32583,32569,32015,32676,32695,30558,30089,12050,2493,2493,2493,2493,2493,2493,2493,2493,2493,2493,2493,2493,2493,2454,2454,2440,2454,2454,2454,2492,2492,2492,2492,2491,2492,2491,2491,2491,2491,2491,2491,2491,2491,2491,2491,2491,2491,2491,2491,2491,2490,2491,2491,2491,2491,2491,2491,2491,2491,2491,2491,2417,2491,2491,2491,2491,2491,2491,2491,2492,2491,2491,2491,2844,2831,2867,2867,2698,2799,2931,2992,2604,2662,3702,3206,2490,2490,2490,2490,2490,2601,2463,2600,2599,2600,2599,2599,2591,2591,2598,2735,2715,2733,2733,2733,2841,2839,2864,2876,2876,2876,2876,2877,2962,2691,2692,2690,2692,2692,2692,2692,2692,2693,2692,2692,2692,2693,2693,2675,2643,2643,2633,2644,2645,2661,3902,3902,3835,3903,3902,3901,3907,5949,2556,2556,3808,2674,2768,2768,2768,2768,2709,2543,2736,2716,2527,2498,2528,2528,2528,2602,2602,2587,2603,2601,2603,2588,2635,2635,2587,2635,2635,2606,2616,2618,2618,2618,3253,2553,2552,2552,2552,2552,2552,2552,2552,2552,2612,2572,2571,2559,2574,2574,2574,2575,2572,2408,2769,2769,2769,2770,2770,2769,2766,2645,2634,2635,2636,2636,2636,2561,2575,2562,2561,2554,2554,2554,2554,2554,2553,2554,2554,2554,2554,2554,2554,2554,2515,2554,2554,2554,2554,2554,2554,2554,2554,2552,2552,2554,2511,2512,2537,2531
PSM183,12668,12669,12665,12550,12656,12647,30495,30482,29966,30575,30558,32619,29799,11990,2493,2493,2493,2493,2493,2493,2493,2493,2493,2493,2493,2493,2493,2455,2455,2441,2455,2455,2455,2493,2493,2493,2493,2492,2493,2493,2493,2493,2493,2493,2493,2493,2493,2493,2493,2493,2493,2493,2493,2493,2492,2493,2493,2493,2493,2493,2493,2493,2493,2493,2493,2419,2493,2493,2493,2493,2493,2493,2493,2494,2493,2493,2493,2833,2821,2862,2862,2693,2805,2934,2986,2632,2692,3700,3213,2493,2493,2493,2493,2493,2599,2462,2597,2597,2597,2597,2597,2589,2589,2596,2741,2723,2741,2741,2741,2853,2850,2886,2883,2883,2883,2883,2884,2969,2694,2697,2694,2696,2695,2695,2695,2696,2697,2695,2695,2695,2697,2697,2679,2650,2650,2638,2649,2650,2659,3928,3928,3861,3929,3928,3927,3932,5920,2562,2561,3840,2682,2776,2776,2776,2776,2715,2547,2740,2720,2531,2501,2532,2532,2532,2613,2613,2598,2614,2612,2612,2597,2647,2647,2599,2647,2647,2618,2627,2629,2629,2629,3254,2558,2557,2557,2557,2557,2557,2557,2557,2557,2621,2583,2582,2570,2585,2585,2585,2586,2583,2419,2772,2772,2772,2773,2773,2772,2769,2656,2635,2636,2637,2637,2637,2569,2583,2571,2570,2559,2559,2559,2559,2559,2558,2559,2559,2559,2559,2559,2559,2559,2520,2559,2559,2559,2559,2559,2559,2559,2559,2558,2558,2559,2519,2520,2545,2536
PSM112,12689,12679,12675,12562,12668,12660,30025,30035,29502,30106,30089,29799,32938,11928,2494,2494,2494,2494,2494,2494,2494,2494,2494,2494,2494,2494,2494,2456,2456,2442,2456,2456,2456,2494,2494,2494,2494,2493,2494,2494,2494,2494,2494,2494,2494,2494,2494,2494,2494,2494,2494,2494,2494,2494,2493,2494,2494,2494,2494,2494,2494,2494,2494,2494,2494,2420,2494,2494,2494,2494,2494,2494,2494,2495,2494,2494,2494,2862,2851,2882,2882,2713,2818,2933,2993,2608,2670,3695,3210,2494,2494,2494,2494,2494,2600,2462,2598,2598,2598,2598,2598,2589,2589,2596,2731,2713,2731,2731,2731,2842,2839,2873,2872,2872,2872,2872,2873,2957,2685,2686,2684,2686,2686,2686,2686,2686,2687,2686,2686,2686,2688,2687,2668,2637,2637,2626,2637,2635,2643,3963,3963,3897,3965,3964,3963,3968,6017,2563,2562,3848,2685,2766,2766,2766,2766,2718,2551,2744,2729,2538,2509,2539,2539,2539,2613,2613,2598,2614,2612,2618,2603,2646,2646,2598,2646,2646,2615,2627,2630,2629,2629,3249,2563,2562,2562,2562,2562,2562,2562,2562,2562,2626,2579,2578,2566,2581,2581,2581,2582,2579,2415,2774,2774,2774,2775,2775,2774,2771,2655,2638,2639,2640,2640,2640,2563,2580,2564,2563,2557,2557,2557,2557,2557,2557,2557,2557,2557,2557,2557,2557,2557,2518,2557,2557,2557,2557,2557,2557,2557,2557,2556,2556,2557,2509,2510,2535,2528
PSM258,11329,11344,11337,11223,11328,11318,12007,12012,11915,12079,12050,11990,11928,24311,2367,2367,2367,2367,2367,2368,2367,2367,2368,2367,2368,2368,2367,2336,2335,2321,2335,2335,2335,2369,2368,2368,2369,2369,2368,2367,2367,2367,2368,2368,2368,2368,2368,2368,2368,2367,2367,2367,2367,2367,2366,2367,2367,2368,2367,2367,2368,2368,2368,2367,2368,2306,2368,2368,2368,2368,2368,2368,2368,2368,2367,2368,2367,2676,2669,2690,2691,2521,2644,2807,2870,2482,2667,3380,2854,2367,2367,2368,2368,2368,2420,2284,2421,2420,2421,2421,2421,2406,2405,2414,2633,2614,2631,2631,2631,2581,2580,2609,2481,2481,2482,2481,2481,2507,2428,2429,2427,2429,2427,2427,2427,2429,2429,2427,2427,2427,2430,2430,2409,2398,2397,2385,2396,2399,2415,3127,3128,3065,3127,3127,3126,3131,3994,2494,2494,3023,2442,2474,2474,2474,2475,2468,2300,2495,2453,2366,2336,2366,2366,2366,2432,2432,2417,2433,2431,2427,2420,2464,2464,2422,2463,2464,2451,2440,2448,2441,2441,3422,2407,2407,2408,2407,2407,2407,2408,2410,2408,2460,2392,2393,2379,2394,2394,2395,2395,2394,2228,2496,2496,2496,2498,2497,2497,2494,2469,2427,2426,2427,2427,2427,2347,2346,2348,2348,2379,2379,2378,2378,2378,2378,2378,2378,2378,2379,2378,2379,2379,2340,2379,2379,2378,2378,2378,2378,2379,2379,2379,2378,2378,2312,2312,2339,2333
PSM002,2405,2425,2424,2319,2424,2424,2424,2425,2422,2492,2493,2493,2494,2367,2565,2565,2565,2565,2565,2565,2565,2565,2565,2562,2562,2559,2558,2519,2519,2505,2519,2519,2519,2557,2557,2557,2557,2555,2557,2556,2556,2552,2552,2552,2552,2552,2552,2552,2552,2552,2552,2552,2552,2552,2551,2552,2552,2552,2552,2552,2552,2552,2552,2552,2552,2478,2552,2552,2552,2552,2552,2552,2552,2552,2552,2552,2552,2534,2527,2540,2540,2371,2516,2541,2532,2548,2539,2520,2499,2551,2551,2552,2552,2551,2444,2309,2445,2445,2446,2445,2445,2436,2436,2445,2455,2436,2454,2454,2454,2419,2416,2450,2413,2413,2413,2413,2413,2412,2408,2410,2408,2410,2410,2410,2410,2410,2410,2410,2410,2409,2410,2410,2392,2410,2410,2400,2410,2409,2414,2429,2429,2363,2430,2430,2430,2430,2427,2417,2416,2426,2430,2427,2427,2427,2427,2421,2238,2431,2385,2415,2384,2415,2415,2415,2425,2425,2410,2425,2424,2419,2411,2429,2429,2381,2429,2429,2428,2419,2421,2420,2421,2417,2421,2421,2421,2421,2421,2421,2421,2421,2421,2429,2411,2410,2398,2413,2413,2413,2413,2410,2246,2433,2433,2433,2434,2433,2434,2430,2430,2424,2424,2424,2424,2424,2366,2347,2366,2366,2414,2414,2414,2414,2414,2414,2414,2414,2414,2414,2414,2414,2414,2375,2414,2414,2414,2414,2414,2414,2414,2414,2412,2412,2414,2387,2387,2413,2418
PSM065,2405,2425,2424,2319,2424,2424,2424,2425,2422,2492,2493,2493,2494,2367,2565,2565,2565,2565,2565,2565,2565,2565,2565,2562,2562,2559,2558,2519,2519,2505,2519,2519,2519,2557,2557,2557,2557,2555,2557,2556,2556,2552,2552,2552,2552,2552,2552,2552,2552,2552,2552,2552,2552,2552,2551,2552,2552,2552,2552,2552,2552,2552,2552,2552,2552,2478,2552,2552,2552,2552,2552,2552,2552,2552,2552,2552,2552,2534,2527,2540,2540,2371,2516,2541,2532,2548,2539,2520,2499,2551,2551,2552,2552,2551,2444,2309,2445,2445,2446,2445,2445,2436,2436,2445,2455,2436,2454,2454,2454,2419,2416,2450,2413,2413,2413,2413,2413,2412,2408,2410,2408,2410,2410,2410,2410,2410,2410,2410,2410,2409,2410,2410,2392,2410,2410,2400,2410,2409,2414,2429,2429,2363,2430,2430,2430,2430,2427,2417,2416,2426,2430,2427,2427,2427,2427,2421,2238,2431,2385,2415,2384,2415,2415,2415,2425,2425,2410,2425,2424,2419,2411,2429,2429,2381,2429,2429,2428,2419,2421,2420,2421,2417,2421,2421,2421,2421,2421,2421,2421,2421,2421,2429,2411,2410,2398,2413,2413,2413,2413,2410,2246,2433,2433,2433,2434,2433,2434,2430,2430,2424,2424,2424,2424,2424,2366,2347,2366,2366,2414,2414,2414,2414,2414,2414,2414,2414,2414,2414,2414,2414,2414,2375,2414,2414,2414,2414,2414,2414,2414,2414,2412,2412,2414,2387,2387,2413,2418
PSM043,2405,2425,2424,2319,2424,2424,2424,2425,2422,2492,2493,2493,2494,2367,2565,2565,2565,2565,2565,2565,2565,2565,2565,2562,2562,2559,2558,2519,2519,2505,2519,2519,2519,2557,2557,2557,2557,2555,2557,2556,2556,2552,2552,2552,2552,2552,2552,2552,2552,2552,2552,2552,2552,2552,2551,2552,2552,2552,2552,2552,2552,2552,2552,2552,2552,2478,2552,2552,2552,2552,2552,2552,2552,2552,2552,2552,2552,2534,2527,2540,2540,2371,2516,2541,2532,2548,2539,2520,2499,2551,2551,2552,2552,2551,2444,2309,2445,2445,2446,2445,2445,2436,2436,2445,2455,2436,2454,2454,2454,2419,2416,2450,2413,2413,2413,2413,2413,2412,2408,2410,2408,2410,2410,2410,2410,2410,2410,2410,2410,2409,2410,2410,2392,2410,2410,2400,2410,2409,2414,2429,2429,2363,2430,2430,2430,2430,2427,2417,2416,2426,2430,2427,2427,2427,2427,2421,2238,2431,2385,2415,2384,2415,2415,2415,2425,2425,2410,2425,2424,2419,2411,2429,2429,2381,2429,2429,2428,2419,2421,2420,2421,2417,2421,2421,2421,2421,2421,2421,2421,2421,2421,2429,2411,2410,2398,2413,2413,2413,2413,2410,2246,2433,2433,2433,2434,2433,2434,2430,2430,2424,2424,2424,2424,2424,2366,2347,2366,2366,2414,2414,2414,2414,2414,2414,2414,2414,2414,2414,2414,2414,2414,2375,2414,2414,2414,2414,2414,2414,2414,2414,2412,2412,2414,2387,2387,2413,2418
PSM103,2405,2425,2424,2319,2424,2424,2424,2425,2422,2492,2493,2493,2494,2367,2565,2565,2565,2565,2565,2565,2565,2565,2565,2562,2562,2559,2558,2519,2519,2505,2519,2519,2519,2557,2557,2557,2557,2555,2557,2556,2556,2552,2552,2552,2552,2552,2552,2552,2552,2552,2552,2552,2552,2552,2551,2552,2552,2552,2552,2552,2552,2552,2552,2552,2552,2478,2552,2552,2552,2552,2552,2552,2552,2552,2552,2552,2552,2534,2527,2540,2540,2371,2516,2541,2532,2548,2539,2520,2499,2551,2551,2552,2552,2551,2444,2309,2445,2445,2446,2445,2445,2436,2436,2445,2455,2436,2454,2454,2454,2419,2416,2450,2413,2413,2413,2413,2413,2412,2408,2410,2408,2410,2410,2410,2410,2410,2410,2410,2410,2409,2410,2410,2392,2410,2410,2400,2410,2409,2414,2429,2429,2363,2430,2430,2430,2430,2427,2417,2416,2426,2430,2427,2427,2427,2427,2421,2238,2431,2385,2415,2384,2415,2415,2415,2425,2425,2410,2425,2424,2419,2411,2429,2429,2381,2429,2429,2428,2419,2421,2420,2421,2417,2421,2421,2421,2421,2421,2421,2421,2421,2421,2429,2411,2410,2398,2413,2413,2413,2413,2410,2246,2433,2433,2433,2434,2433,2434,2430,2430,2424,2424,2424,2424,2424,2366,2347,2366,2366,2414,2414,2414,2414,2414,2414,2414,2414,2414,2414,2414,2414,2414,2375,2414,2414,2414,2414,2414,2414,2414,2414,2412,2412,2414,2387,2387,2413,2418
PSM105,2405,2425,2424,2319,2424,2424,2424,2425,2422,2492,2493,2493,2494,2367,2565,2565,2565,2565,2565,2565,2565,2565,2565,2562,2562,2559,2558,2519,2519,2505,2519,2519,2519,2557,2557,2557,2557,2555,2557,2556,2556,2552,2552,2552,2552,2552,2552,2552,2552,2552,2552,2552,2552,2552,2551,2552,2552,2552,2552,2552,2552,2552,2552,2552,2552,2478,2552,2552,2552,2552,2552,2552,2552,2552,2552,2552,2552,2534,2527,2540,2540,2371,2516,2541,2532,2548,2539,2520,2499,2551,2551,2552,2552,2551,2444,2309,2445,2445,2446,2445,2445,2436,2436,2445,2455,2436,2454,2454,2454,2419,2416,2450,2413,2413,2413,2413,2413,2412,2408,2410,2408,2410,2410,2410,2410,2410,2410,2410,2410,2409,2410,2410,2392,2410,2410,2400,2410,2409,2414,2429,2429,2363,2430,2430,2430,2430,2427,2417,2416,2426,2430,2427,2427,2427,2427,2421,2238,2431,2385,2415,2384,2415,2415,2415,2425,2425,2410,2425,2424,2419,2411,2429,2429,2381,2429,2429,2428,2419,2421,2420,2421,2417,2421,2421,2421,2421,2421,2421,2421,2421,2421,2429,2411,2410,2398,2413,2413,2413,2413,2410,2246,2433,2433,2433,2434,2433,2434,2430,2430,2424,2424,2424,2424,2424,2366,2347,2366,2366,2414,2414,2414,2414,2414,2414,2414,2414,2414,2414,2414,2414,2414,2375,2414,2414,2414,2414,2414,2414,2414,2414,2412,2412,2414,2387,2387,2413,2418
PSM116,2405,2425,2424,2319,2424,2424,2425,2426,2423,2493,2493,2493,2494,2368,2565,2565,2565,2565,2565,2566,2565,2565,2566,2562,2563,2560,2558,2520,2519,2505,2519,2519,2519,2558,2557,2557,2558,2556,2558,2556,2556,2552,2553,2553,2553,2553,2553,2553,2553,2552,2552,2552,2552,2552,2551,2552,2552,2553,2552,2552,2553,2553,2553,2552,2553,2478,2553,2553,2553,2553,2553,2553,2553,2553,2552,2553,2552,2534,2527,2540,2541,2371,2516,2542,2533,2548,2539,2520,2499,2551,2551,2553,2553,2552,2444,2309,2445,2445,2447,2446,2446,2437,2436,2445,2456,2437,2454,2454,2454,2419,2417,2451,2414,2414,2414,2414,2414,2413,2409,2411,2409,2411,2410,2410,2410,2411,2411,2410,2410,2409,2411,2411,2392,2411,2410,2400,2410,2409,2414,2430,2430,2363,2430,2430,2430,2431,2427,2417,2416,2427,2430,2427,2427,2427,2428,2421,2238,2432,2385,2415,2385,2415,2415,2415,2425,2425,2410,2425,2424,2419,2411,2430,2430,2382,2429,2430,2429,2419,2421,2420,2422,2418,2421,2421,2422,2421,2421,2421,2422,2422,2422,2429,2411,2411,2398,2413,2413,2414,2414,2411,2247,2433,2433,2433,2435,2434,2435,2431,2430,2424,2424,2424,2424,2424,2366,2347,2366,2366,2415,2415,2414,2414,2414,2414,2414,2414,2414,2415,2414,2415,2415,2376,2415,2415,2414,2414,2414,2414,2415,2415,2413,2412,2414,2387,2387,2413,2418
PSM135,2405,2425,2424,2319,2424,2424,2424,2425,2422,2492,2493,2493,2494,2367,2565,2565,2565,2565,2565,2565,2566,2566,2566,2562,2562,2559,2558,2519,2519,2505,2519,2519,2519,2557,2557,2557,2557,2555,2557,2556,2556,2552,2552,2552,2552,2552,2552,2552,2552,2552,2552,2552,2552,2552,2551,2552,2552,2552,2552,2552,2552,2552,2552,2552,2552,2478,2552,2552,2552,2552,2552,2552,2552,2552,2552,2552,2552,2534,2527,2540,2540,2371,2516,2541,2532,2548,2539,2520,2499,2551,2551,2552,2552,2551,2444,2309,2445,2445,2446,2445,2445,2436,2436,2445,2455,2436,2454,2454,2454,2419,2416,2450,2413,2413,2413,2413,2413,2412,2408,2410,2408,2410,2410,2410,2410,2410,2410,2410,2410,2409,2410,2410,2392,2410,2410,2400,2410,2409,2414,2429,2429,2363,2430,2430,2430,2430,2427,2417,2416,2426,2430,2427,2427,2427,2427,2421,2238,2431,2385,2415,2384,2415,2415,2415,2425,2425,2410,2425,2424,2419,2411,2429,2429,2381,2429,2429,2428,2419,2421,2420,2421,2417,2421,2421,2421,2421,2421,2421,2421,2421,2421,2429,2411,2410,2398,2413,2413,2413,2413,2410,2246,2433,2433,2433,2434,2433,2434,2430,2430,2424,2424,2424,2424,2424,2366,2347,2366,2366,2414,2414,2414,2414,2414,2414,2414,2414,2414,2414,2414,2414,2414,2375,2414,2414,2414,2414,2414,2414,2414,2414,2412,2412,2414,2387,2387,2413,2418
PSM227,2405,2425,2424,2319,2424,2424,2424,2425,2422,2492,2493,2493,2494,2367,2565,2565,2565,2565,2565,2565,2566,2569,2566,2562,2562,2559,2558,2519,2519,2505,2519,2519,2519,2557,2557,2557,2557,2555,2557,2556,2556,2552,2552,2552,2552,2552,2552,2552,2552,2552,2552,2552,2552,2552,2551,2552,2552,2552,2552,2552,2552,2552,2552,2552,2552,2478,2552,2552,2552,2552,2552,2552,2552,2552,2552,2552,2552,2534,2527,2540,2540,2371,2516,2541,2532,2548,2539,2520,2499,2551,2551,2552,2552,2551,2444,2309,2445,2445,2446,2445,2445,2436,2436,2445,2455,2436,2454,2454,2454,2419,2416,2450,2413,2413,2413,2413,2413,2412,2408,2410,2408,2410,2410,2410,2410,2410,2410,2410,2410,2409,2410,2410,2392,2410,2410,2400,2410,2409,2414,2429,2429,2363,2430,2430,2430,2430,2427,2417,2416,2426,2430,2427,2427,2427,2427,2421,2238,2431,2385,2415,2384,2415,2415,2415,2425,2425,2410,2425,2424,2419,2411,2429,2429,2381,2429,2429,2428,2419,2421,2420,2421,2417,2421,2421,2421,2421,2421,2421,2421,2421,2421,2429,2411,2410,2398,2413,2413,2413,2413,2410,2246,2433,2433,2433,2434,2433,2434,2430,2430,2424,2424,2424,2424,2424,2366,2347,2366,2366,2414,2414,2414,2414,2414,2414,2414,2414,2414,2414,2414,2414,2414,2375,2414,2414,2414,2414,2414,2414,2414,2414,2412,2412,2414,2387,2387,2413,2418
PSM161,2405,2425,2424,2319,2424,2424,2425,2426,2423,2493,2493,2493,2494,2368,2565,2565,2565,2565,2565,2566,2566,2566,2569,2562,2563,2560,2558,2520,2519,2505,2519,2519,2519,2558,2557,2557,2558,2556,2558,2556,2556,2552,2553,2553,2553,2553,2553,2553,2553,2552,2552,2552,2552,2552,2551,2552,2552,2553,2552,2552,2553,2553,2553,2552,2553,2478,2553,2553,2553,2553,2553,2553,2553,2553,2552,2553,2552,2534,2527,2540,2541,2371,2516,2542,2533,2548,2539,2520,2499,2551,2551,2553,2553,2552,2444,2309,2445,2445,2447,2446,2446,2437,2436,2445,2456,2437,2454,2454,2454,2419,2417,2451,2414,2414,2414,2414,2414,2413,2409,2411,2409,2411,2410,2410,2410,2411,2411,2410,2410,2409,2411,2411,2392,2411,2410,2400,2410,2409,2414,2430,2430,2363,2430,2430,2430,2431,2427,2417,2416,2427,2430,2427,2427,2427,2428,2421,2238,2432,2385,2415,2385,2415,2415,2415,2425,2425,2410,2425,2424,2419,2411,2430,2430,2382,2429,2430,2429,2419,2421,2420,2422,2418,2421,2421,2422,2421,2421,2421,2422,2422,2422,2429,2411,2411,2398,2413,2413,2414,2414,2411,2247,2433,2433,2433,2435,2434,2435,2431,2430,2424,2424,2424,2424,2424,2366,2347,2366,2366,2415,2415,2414,2414,2414,2414,2414,2414,2414,2415,2414,2415,2415,2376,2415,2415,2414,2414,2414,2414,2415,2415,2413,2412,2414,2387,2387,2413,2418
PSM068,2405,2425,2424,2319,2424,2424,2424,2425,2422,2492,2493,2493,2494,2367,2562,2562,2562,2562,2562,2562,2562,2562,2562,2564,2564,2559,2558,2519,2519,2505,2519,2519,2519,2557,2557,2557,2557,2555,2557,2556,2556,2552,2552,2552,2552,2552,2552,2552,2552,2552,2552,2552,2552,2552,2551,2552,2552,2552,2552,2552,2552,2552,2552,2552,2552,2478,2552,2552,2552,2552,2552,2552,2552,2552,2552,2552,2552,2534,2527,2540,2540,2371,2516,2541,2532,2548,2539,2520,2499,2551,2551,2552,2552,2551,2444,2309,2445,2445,2446,2445,2445,2436,2436,2445,2455,2436,2454,2454,2454,2419,2416,2450,2413,2413,2413,2413,2413,2412,2408,2410,2408,2410,2410,2410,2410,2410,2410,2410,2410,2409,2410,2410,2392,2410,2410,2400,2410,2409,2414,2429,2429,2363,2430,2430,2430,2430,2427,2417,2416,2426,2430,2427,2427,2427,2427,2421,2238,2431,2385,2415,2384,2415,2415,2415,2425,2425,2410,2425,2424,2419,2411,2429,2429,2381,2429,2429,2428,2419,2421,2420,2421,2417,2421,2421,2421,2421,2421,2421,2421,2421,2421,2429,2411,2410,2398,2413,2413,2413,2413,2410,2246,2433,2433,2433,2434,2433,2434,2430,2430,2424,2424,2424,2424,2424,2366,2347,2366,2366,2414,2414,2414,2414,2414,2414,2414,2414,2414,2414,2414,2414,2414,2375,2414,2414,2414,2414,2414,2414,2414,2414,2412,2412,2414,2387,2387,2413,2418
PSM250,2405,2425,2424,2319,2424,2424,2425,2426,2423,2493,2493,2493,2494,2368,2562,2562,2562,2562,2562,2563,2562,2562,2563,2564,2565,2560,2558,2520,2519,2505,2519,2519,2519,2558,2557,2557,2558,2556,2558,2556,2556,2552,2553,2553,2553,2553,2553,2553,2553,2552,2552,2552,2552,2552,2551,2552,2552,2553,2552,2552,2553,2553,2553,2552,2553,2478,2553,2553,2553,2553,2553,2553,2553,2553,2552,2553,2552,2534,2527,2540,2541,2371,2516,2542,2533,2548,2539,2520,2499,2551,2551,2553,2553,2552,2444,2309,2445,2445,2447,2446,2446,2437,2436,2445,2456,2437,2454,2454,2454,2419,2417,2451,2414,2414,2414,2414,2414,2413,2409,2411,2409,2411,2410,2410,2410,2411,2411,2410,2410,2409,2411,2411,2392,2411,2410,2400,2410,2409,2414,2430,2430,2363,2430,2430,2430,2431,2427,2417,2416,2427,2430,2427,2427,2427,2428,2421,2238,2432,2385,2415,2385,2415,2415,2415,2425,2425,2410,2425,2424,2419,2411,2430,2430,2382,2429,2430,2429,2419,2421,2420,2422,2418,2421,2421,2422,2421,2421,2421,2422,2422,2422,2429,2411,2411,2398,2413,2413,2414,2414,2411,2247,2433,2433,2433,2435,2434,2435,2431,2430,2424,2424,2424,2424,2424,2366,2347,2366,2366,2415,2415,2414,2414,2414,2414,2414,2414,2414,2415,2414,2415,2415,2376,2415,2415,2414,2414,2414,2414,2415,2415,2413,2412,2414,2387,2387,2413,2418
PSM024,2405,2425,2424,2319,2424,2424,2425,2426,2423,2493,2493,2493,2494,2368,2559,2559,2559,2559,2559,2560,2559,2559,2560,2559,2560,2568,2559,2520,2519,2505,2519,2519,2519,2558,2557,2557,2558,2556,2558,2556,2556,2552,2553,2553,2553,2553,2553,2553,2553,2552,2552,2552,2552,2552,2551,2552,2552,2553,2552,2552,2553,2553,2553,2552,2553,2478,2553,2553,2553,2553,2553,2553,2553,2553,2552,2553,2552,2534,2527,2540,2541,2371,2516,2542,2533,2548,2539,2520,2499,2551,2551,2553,2553,2552,2444,2309,2445,2445,2447,2446,2446,2437,2436,2445,2456,2437,2454,2454,2454,2419,2417,2451,2414,2414,2414,2414,2414,2413,2409,2411,2409,2411,2410,2410,2410,2411,2411,2410,2410,2409,2411,2411,2392,2411,2410,2400,2410,2409,2414,2430,2430,2363,2430,2430,2430,2431,2427,2417,2416,2427,2430,2427,2427,2427,2428,2421,2238,2432,2385,2415,2385,2415,2415,2415,2425,2425,2410,2425,2424,2419,2411,2430,2430,2382,2429,2430,2429,2419,2421,2420,2422,2418,2421,2421,2422,2421,2421,2421,2422,2422,2422,2429,2411,2411,2398,2413,2413,2414,2414,2411,2247,2433,2433,2433,2435,2434,2435,2431,2430,2424,2424,2424,2424,2424,2366,2347,2366,2366,2415,2415,2414,2414,2414,2414,2414,2414,2414,2415,2414,2415,2415,2376,2415,2415,2414,2414,2414,2414,2415,2415,2413,2412,2414,2387,2387,2413,2418
PSM231,2405,2425,2424,2319,2424,2424,2424,2425,2422,2492,2493,2493,2494,2367,2558,2558,2558,2558,2558,2558,2558,2558,2558,2558,2558,2559,2571,2518,2518,2504,2518,2518,2518,2556,2556,2556,2556,2554,2556,2555,2555,2551,2551,2551,2551,2551,2551,2551,2551,2551,2551,2551,2551,2551,2550,2551,2551,2551,2551,2551,2551,2551,2551,2551,2551,2477,2551,2551,2551,2551,2551,2551,2551,2551,2551,2551,2551,2533,2526,2539,2539,2370,2515,2540,2531,2547,2538,2519,2498,2550,2550,2551,2551,2550,2444,2309,2445,2445,2446,2445,2445,2436,2436,2445,2455,2436,2454,2454,2454,2419,2416,2450,2413,2413,2413,2413,2413,2412,2408,2410,2408,2410,2410,2410,2410,2410,2410,2410,2410,2409,2410,2410,2392,2410,2410,2400,2410,2409,2414,2428,2428,2362,2429,2429,2429,2429,2427,2417,2416,2426,2430,2427,2427,2427,2427,2421,2237,2430,2386,2415,2384,2415,2415,2415,2425,2425,2410,2425,2424,2419,2411,2429,2429,2381,2429,2429,2428,2419,2421,2420,2421,2417,2421,2421,2421,2421,2421,2421,2421,2421,2421,2429,2411,2410,2398,2413,2413,2413,2413,2410,2246,2433,2433,2433,2434,2433,2434,2430,2430,2424,2424,2424,2424,2424,2366,2347,2366,2366,2413,2413,2413,2413,2413,2413,2413,2413,2413,2413,2413,2413,2413,2374,2413,2413,2413,2413,2413,2413,2413,2413,2411,2411,2413,2387,2387,2413,2418
PSM030,2368,2388,2387,2282,2387,2387,2387,2388,2385,2455,2454,2455,2456,2336,2519,2519,2519,2519,2519,2520,2519,2519,2520,2519,2520,2520,2518,2531,2530,2516,2530,2530,2526,2524,2523,2523,2524,2521,2523,2521,2521,2514,2515,2515,2515,2515,2515,2515,2515,2514,2514,2514,2514,2514,2513,2514,2514,2515,2514,2514,2515,2515,2515,2514,2515,2445,2515,2515,2515,2515,2515,2515,2515,2515,2514,2515,2514,2496,2489,2502,2503,2333,2478,2504,2495,2510,2501,2482,2461,2513,2513,2515,2515,2514,2406,2271,2407,2407,2409,2408,2408,2399,2398,2407,2418,2399,2416,2416,2416,2381,2379,2413,2376,2376,2376,2376,2376,2375,2371,2373,2371,2373,2372,2372,2372,2373,2373,2372,2372,2371,2373,2373,2354,2373,2372,2362,2372,2371,2376,2392,2392,2334,2392,2392,2392,2393,2389,2379,2378,2389,2392,2389,2389,2389,2390,2383,2200,2394,2347,2377,2347,2377,2377,2377,2387,2387,2372,2387,2386,2381,2373,2392,2392,2350,2391,2392,2391,2381,2383,2382,2384,2380,2383,2383,2384,2383,2383,2383,2384,2384,2384,2391,2373,2373,2360,2375,2375,2376,2376,2373,2209,2395,2395,2395,2397,2396,2397,2393,2392,2386,2386,2386,2386,2386,2328,2309,2328,2328,2377,2377,2376,2376,2376,2376,2376,2376,2376,2377,2376,2377,2377,2338,2377,2377,2376,2376,2376,2376,2377,2377,2375,2374,2376,2349,2349,2375,2380
PSM050,2368,2388,2387,2282,2387,2387,2386,2387,2384,2454,2454,2455,2456,2335,2519,2519,2519,2519,2519,2519,2519,2519,2519,2519,2519,2519,2518,2530,2531,2516,2530,2530,2526,2523,2523,2523,2523,2520,2522,2521,2521,2514,2514,2514,2514,2514,2514,2514,2514,2514,2514,2514,2514,2514,2513,2514,2514,2514,2514,2514,2514,2514,2514,2514,2514,2445,2514,2514,2514,2514,2514,2514,2514,2514,2514,2514,2514,2496,2489,2502,2502,2333,2478,2503,2494,2510,2501,2483,2462,2513,2513,2514,2514,2513,2406,2271,2407,2407,2408,2407,2407,2398,2398,2407,2418,2399,2417,2417,2417,2382,2379,2413,2376,2376,2376,2376,2376,2375,2371,2373,2371,2373,2373,2373,2373,2373,2373,2373,2373,2372,2373,2373,2355,2373,2373,2363,2373,2372,2377,2392,2392,2335,2393,2393,2393,2393,2389,2380,2379,2389,2392,2390,2390,2390,2390,2384,2200,2393,2347,2378,2347,2378,2378,2378,2387,2387,2372,2387,2386,2381,2373,2392,2392,2350,2392,2392,2391,2382,2384,2383,2384,2380,2383,2383,2383,2383,2383,2383,2383,2383,2383,2392,2374,2373,2361,2376,2376,2376,2376,2373,2209,2396,2396,2396,2397,2396,2397,2393,2393,2387,2387,2387,2387,2387,2328,2309,2328,2328,2377,2377,2377,2377,2377,2377,2377,2377,2377,2377,2377,2377,2377,2338,2377,2377,2377,2377,2377,2377,2377,2377,2375,2375,2377,2350,2350,2376,2381
PSM301,2354,2374,2373,2268,2373,2373,2372,2373,2370,2440,2440,2441,2442,2321,2505,2505,2505,2505,2505,2505,2505,2505,2505,2505,2505,2505,2504,2516,2516,2528,2516,2516,2512,2509,2509,2509,2509,2506,2508,2507,2507,2500,2500,2500,2500,2500,2500,2500,2500,2500,2500,2500,2500,2500,2499,2500,2500,2500,2500,2500,2500,2500,2500,2500,2500,2431,2500,2500,2500,2500,2500,2500,2500,2500,2500,2500,2500,2482,2475,2488,2488,2319,2464,2489,2480,2496,2487,2468,2447,2499,2499,2500,2500,2499,2392,2257,2393,2393,2394,2393,2393,2384,2384,2393,2403,2384,2402,2402,2402,2367,2364,2398,2361,2361,2361,2361,2361,2360,2356,2358,2356,2358,2358,2358,2358,2358,2358,2358,2358,2357,2358,2358,2340,2358,2358,2348,2358,2357,2362,2377,2377,2322,2378,2378,2378,2378,2375,2365,2364,2374,2378,2375,2375,2375,2375,2369,2186,2379,2333,2363,2332,2363,2363,2363,2373,2373,2358,2373,2372,2367,2359,2377,2377,2335,2377,2377,2376,2367,2369,2368,2369,2365,2369,2369,2369,2369,2369,2369,2369,2369,2369,2377,2359,2358,2346,2361,2361,2361,2361,2358,2194,2381,2381,2381,2382,2381,2382,2378,2378,2372,2372,2372,2372,2372,2314,2295,2314,2314,2362,2362,2362,2362,2362,2362,2362,2362,2362,2362,2362,2362,2362,2323,2362,2362,2362,2362,2362,2362,2362,2362,2360,2360,2362,2335,2335,2361,2366
