,MRSA_jail_100,MRSA_jail_195,MRSA_jail_37,MRSA_jail_95,MRSA_jail_536,MRSA_jail_282,MRSA_jail_233,MRSA_jail_46,MRSA_jail_581,MRSA_jail_36,MRSA_jail_539,MRSA_jail_128,MRSA_jail_187,MRSA_jail_132,MRSA_jail_543,MRSA_jail_208,MRSA_jail_262,MRSA_jail_535,MRSA_jail_531,MRSA_jail_30,MRSA_jail_284,MRSA_jail_285,MRSA_jail_43,MRSA_jail_537,MRSA_jail_560,MRSA_jail_89,MRSA_jail_213,MRSA_jail_256,MRSA_jail_281,MRSA_jail_60,MRSA_jail_561,MRSA_jail_201,MRSA_jail_251,MRSA_jail_224,MRSA_jail_107,MRSA_jail_152,MRSA_jail_2,MRSA_jail_147,MRSA_jail_164,MRSA_jail_25,MRSA_jail_196,MRSA_jail_47,MRSA_jail_92,MRSA_jail_179,MRSA_jail_40,MRSA_jail_74,MRSA_jail_559,MRSA_jail_230,MRSA_jail_111,MRSA_jail_190,MRSA_jail_525,MRSA_jail_149,MRSA_jail_163,MRSA_jail_86,MRSA_jail_169,MRSA_jail_520,MRSA_jail_77,MRSA_jail_103,MRSA_jail_136,MRSA_jail_205,MRSA_jail_161,MRSA_jail_109,MRSA_jail_118,MRSA_jail_13,MRSA_jail_211,MRSA_jail_225,MRSA_jail_29,MRSA_jail_10,MRSA_jail_231,MRSA_jail_188,MRSA_jail_254,MRSA_jail_234,MRSA_jail_236,MRSA_jail_518,MRSA_jail_261,MRSA_jail_28,MRSA_jail_24,MRSA_jail_174,MRSA_jail_239,MRSA_jail_112,MRSA_jail_19,MRSA_jail_181,MRSA_jail_274,MRSA_jail_170,MRSA_jail_521,MRSA_jail_160,MRSA_jail_268,MRSA_jail_229,MRSA_jail_58,MRSA_jail_59,MRSA_jail_135,MRSA_jail_16,MRSA_jail_155,MRSA_jail_221,MRSA_jail_150,MRSA_jail_96,MRSA_jail_590,MRSA_jail_114,MRSA_jail_148,MRSA_jail_63,MRSA_jail_1,MRSA_jail_157,MRSA_jail_235,MRSA_jail_241,MRSA_jail_258,MRSA_jail_534,MRSA_jail_247,MRSA_jail_582,MRSA_jail_158,MRSA_jail_528,MRSA_jail_61,MRSA_jail_167,MRSA_jail_200,MRSA_jail_557,MRSA_jail_524,MRSA_jail_5,MRSA_jail_156,MRSA_jail_276,MRSA_jail_172,MRSA_jail_80,MRSA_jail_523,MRSA_jail_193,MRSA_jail_139,MRSA_jail_27,MRSA_jail_55,MRSA_jail_283,MRSA_jail_197,MRSA_jail_26,MRSA_jail_569,MRSA_jail_162,MRSA_jail_227,MRSA_jail_145,MRSA_jail_522,MRSA_jail_587,MRSA_jail_87,MRSA_jail_115,MRSA_jail_240,MRSA_jail_214,MRSA_jail_232,MRSA_jail_575,MRSA_jail_218,MRSA_jail_263,MRSA_jail_130,MRSA_jail_209,MRSA_jail_33,MRSA_jail_84,MRSA_jail_591,MRSA_jail_180,MRSA_jail_66
MRSA_jail_100,14695,14666,14664,14670,14669,14666,14600,14614,14611,14395,14383,14438,14439,14441,14435,14374,14436,14432,14429,14373,14421,14418,14404,14436,14436,6724,6803,6798,6801,6801,6672,6337,7434,286,178,177,177,191,191,191,192,191,191,191,191,191,157,57,7,4,4,1,2,1,1,2,0,0,0,0,1,2,2,1,1,1,1,2,3,2,1,0,0,1,0,0,0,0,2,0,0,1,1,0,0,3,1,0,0,0,1,1,0,0,0,0,0,2,0,0,0,0,0,0,0,1,0,0,0,0,1,0,0,0,2,1,0,0,1,0,0,0,0,0,0,0,0,2,0,1,1,2,4,2,3,0,0,0,0,0,0,0,0,0,1,0,0,0,1
MRSA_jail_195,14666,14697,14662,14665,14667,14663,14598,14605,14611,14388,14386,14432,14431,14433,14438,14372,14437,14436,14430,14373,14419,14414,14397,14439,14436,6728,6807,6802,6805,6805,6678,6337,7434,286,178,177,177,191,191,191,192,191,191,191,191,191,157,57,7,4,4,1,2,1,1,2,0,0,0,0,1,2,2,1,1,1,1,2,3,2,1,0,0,1,0,0,0,0,2,0,0,1,1,0,0,3,1,0,0,0,1,1,0,0,0,0,0,2,0,0,0,0,0,0,0,1,0,0,0,0,1,0,0,0,2,1,0,0,1,0,0,0,0,0,0,0,0,2,0,1,1,2,4,2,3,0,0,0,0,0,0,0,0,0,1,0,0,0,1
MRSA_jail_37,14664,14662,14685,14676,14679,14664,14601,14603,14609,14386,14381,14430,14430,14431,14433,14370,14432,14430,14427,14371,14420,14415,14393,14433,14434,6724,6803,6800,6801,6801,6671,6339,7438,286,178,177,177,191,191,191,192,191,191,191,191,191,157,57,7,4,4,1,2,1,1,2,0,0,0,0,1,2,2,1,1,1,1,2,3,2,1,0,0,1,0,0,0,0,2,0,0,1,1,0,0,3,1,0,0,0,1,1,0,0,0,0,0,2,0,0,0,0,0,0,0,1,0,0,0,0,1,0,0,0,2,1,0,0,1,0,0,0,0,0,0,0,0,2,0,1,1,2,4,2,3,0,0,0,0,0,0,0,0,0,1,0,0,0,1
MRSA_jail_95,14670,14665,14676,14688,14681,14663,14601,14609,14610,14392,14385,14435,14435,14436,14434,14373,14435,14431,14428,14375,14420,14415,14400,14435,14435,6725,6804,6799,6802,6803,6671,6339,7436,286,178,177,177,191,191,191,192,191,191,191,191,191,157,57,7,4,4,1,2,1,1,2,0,0,0,0,1,2,2,1,1,1,1,2,3,2,1,0,0,1,0,0,0,0,2,0,0,1,1,0,0,3,1,0,0,0,1,1,0,0,0,0,0,2,0,0,0,0,0,0,0,1,0,0,0,0,1,0,0,0,2,1,0,0,1,0,0,0,0,0,0,0,0,2,0,1,1,2,4,2,3,0,0,0,0,0,0,0,0,0,1,0,0,0,1
MRSA_jail_536,14669,14667,14679,14681,14693,14666,14602,14609,14614,14390,14388,14436,14435,14437,14437,14376,14438,14434,14432,14375,14422,14417,14398,14440,14438,6727,6806,6803,6804,6803,6675,6341,7438,286,178,177,177,191,191,191,192,191,191,191,191,191,157,57,7,4,4,1,2,1,1,2,0,0,0,0,1,2,2,1,1,1,1,2,3,2,1,0,0,1,0,0,0,0,2,0,0,1,1,0,0,3,1,0,0,0,1,1,0,0,0,0,0,2,0,0,0,0,0,0,0,1,0,0,0,0,1,0,0,0,2,1,0,0,1,0,0,0,0,0,0,0,0,2,0,1,1,2,4,2,3,0,0,0,0,0,0,0,0,0,1,0,0,0,1
MRSA_jail_282,14666,14663,14664,14663,14666,14685,14599,14606,14609,14389,14382,14433,14433,14435,14434,14373,14435,14430,14428,14371,14422,14418,14396,14435,14435,6724,6803,6800,6801,6801,6673,6338,7436,286,178,177,177,191,191,191,192,191,191,191,191,191,157,57,7,4,4,1,2,1,1,2,0,0,0,0,1,2,2,1,1,1,1,2,3,2,1,0,0,1,0,0,0,0,2,0,0,1,1,0,0,3,1,0,0,0,1,1,0,0,0,0,0,2,0,0,0,0,0,0,0,1,0,0,0,0,1,0,0,0,2,1,0,0,1,0,0,0,0,0,0,0,0,2,0,1,1,2,4,2,3,0,0,0,0,0,0,0,0,0,1,0,0,0,1
MRSA_jail_233,14600,14598,14601,14601,14602,14599,14613,14601,14605,14323,14324,14367,14367,14368,14369,14306,14368,14367,14364,14369,14357,14352,14330,14370,14370,6722,6754,6751,6752,6752,6662,6292,7391,286,178,177,177,191,191,191,192,191,191,191,191,191,157,57,7,4,4,1,2,1,1,2,0,0,0,0,1,2,2,1,1,1,1,2,3,2,1,0,0,1,0,0,0,0,2,0,0,1,1,0,0,3,1,0,0,0,1,1,0,0,0,0,0,2,0,0,0,0,0,0,0,1,0,0,0,0,1,0,0,0,2,1,0,0,1,0,0,0,0,0,0,0,0,2,0,1,1,2,4,2,3,0,0,0,0,0,0,0,0,0,1,0,0,0,1
MRSA_jail_46,14614,14605,14603,14609,14609,14606,14601,14628,14610,14334,14325,14377,14378,14380,14375,14315,14377,14372,14369,14371,14361,14358,14344,14377,14376,6724,6756,6751,6754,6754,6665,6291,7387,286,178,177,177,191,191,191,192,191,191,191,191,191,157,57,7,4,4,1,2,1,1,2,0,0,0,0,1,2,2,1,1,1,1,2,3,2,1,0,0,1,0,0,0,0,2,0,0,1,1,0,0,3,1,0,0,0,1,1,0,0,0,0,0,2,0,0,0,0,0,0,0,1,0,0,0,0,1,0,0,0,2,1,0,0,1,0,0,0,0,0,0,0,0,2,0,1,1,2,4,2,3,0,0,0,0,0,0,0,0,0,1,0,0,0,1
MRSA_jail_581,14611,14611,14609,14610,14614,14609,14605,14610,14777,14334,14330,14379,14378,14380,14381,14318,14380,14378,14376,14377,14366,14361,14341,14382,14382,6727,6759,6756,6757,6756,6669,6294,7392,432,254,253,253,191,191,191,192,191,191,191,191,191,157,57,7,4,4,1,2,1,1,2,0,0,0,0,1,2,2,1,1,1,1,2,3,2,1,0,0,1,0,0,1,0,2,0,0,1,1,0,0,3,1,0,0,0,1,6,0,0,0,14,0,2,0,0,0,0,0,0,0,1,0,0,0,0,1,0,0,0,2,1,0,0,1,0,0,0,0,0,0,0,0,2,0,1,1,2,4,2,3,0,0,0,0,0,0,0,0,0,1,0,0,0,1
MRSA_jail_36,14395,14388,14386,14392,14390,14389,14323,14334,14334,14531,14474,14270,14271,14272,14268,14207,14269,14265,14262,14206,14240,14238,14226,14251,14251,6668,6748,6742,6745,6745,6570,6243,7352,277,179,178,178,188,188,188,189,188,188,188,188,188,155,71,7,4,4,1,2,1,2,2,0,0,0,0,1,2,2,1,1,1,1,2,3,2,1,0,0,1,0,0,0,0,2,0,0,1,1,0,0,3,1,0,0,0,1,1,0,0,0,0,0,2,0,0,0,0,0,0,0,1,0,0,0,0,1,0,0,0,2,1,0,0,1,0,0,0,0,0,0,0,0,2,0,1,1,2,4,2,3,0,0,0,0,0,0,0,0,0,1,0,0,0,1
MRSA_jail_539,14383,14386,14381,14385,14388,14382,14324,14325,14330,14474,14545,14264,14262,14264,14268,14203,14268,14265,14260,14206,14235,14231,14215,14252,14248,6671,6751,6747,6748,6748,6570,6246,7355,277,179,178,178,188,188,188,189,188,188,188,188,188,155,71,7,4,4,1,2,1,2,2,0,0,0,0,1,2,2,1,1,1,1,2,3,2,1,0,0,1,0,0,0,0,2,0,0,1,1,0,0,3,1,0,0,0,1,1,0,0,0,0,0,2,0,0,0,0,0,0,0,1,0,0,0,0,1,0,0,0,2,1,0,0,1,0,0,0,0,0,0,0,0,2,0,1,1,2,4,2,3,0,0,0,0,0,0,0,0,0,1,0,0,0,1
MRSA_jail_128,14438,14432,14430,14435,14436,14433,14367,14377,14379,14270,14264,14754,14694,14696,14692,14631,14693,14689,14690,14627,14456,14451,14434,14523,14523,6739,6818,6815,6816,6817,6684,6380,7460,334,189,188,188,202,202,202,203,202,202,202,202,202,197,75,7,4,5,1,2,1,1,3,0,0,0,0,1,2,2,1,1,1,1,2,3,2,1,0,0,1,0,0,0,0,2,0,0,1,1,0,0,3,1,0,0,0,1,0,0,0,0,0,0,2,0,0,0,0,0,0,0,1,0,0,0,0,1,0,0,0,2,1,0,0,1,0,0,0,0,0,0,0,0,2,0,1,1,2,4,2,3,0,0,0,0,0,0,0,0,0,1,0,0,0,1
MRSA_jail_187,14439,14431,14430,14435,14435,14433,14367,14378,14378,14271,14262,14694,14767,14696,14691,14631,14692,14689,14685,14627,14455,14452,14435,14522,14523,6736,6815,6812,6813,6814,6682,6378,7458,334,189,188,188,202,202,202,203,202,202,202,202,202,197,75,7,4,4,1,2,1,1,2,0,0,0,0,1,2,2,1,1,1,1,2,3,2,1,0,0,1,0,0,0,0,2,0,0,1,1,0,0,3,1,0,0,0,1,0,0,0,0,0,0,2,0,0,0,0,0,0,0,1,0,0,0,0,1,0,0,0,2,1,0,0,1,0,0,0,0,0,0,0,0,2,0,1,1,2,4,2,3,0,0,0,0,0,0,0,0,0,1,0,0,0,2
MRSA_jail_132,14441,14433,14431,14436,14437,14435,14368,14380,14380,14272,14264,14696,14696,14800,14714,14648,14711,14689,14687,14628,14457,14454,14437,14524,14524,6737,6816,6813,6814,6815,6683,6379,7459,334,189,188,188,202,202,202,203,202,202,202,202,202,197,75,7,4,4,1,2,1,1,2,0,0,0,0,1,2,2,1,1,1,1,2,3,2,1,0,0,1,0,0,0,0,2,0,1,1,1,0,0,3,1,0,0,0,1,0,0,0,0,0,0,2,0,0,0,0,0,0,0,1,0,0,0,0,1,0,0,0,2,1,0,0,1,0,0,0,0,0,0,0,0,2,0,1,1,2,4,2,3,0,0,0,0,0,0,0,0,0,1,0,0,0,1
MRSA_jail_543,14435,14438,14433,14434,14437,14434,14369,14375,14381,14268,14268,14692,14691,14714,14784,14648,14714,14694,14692,14630,14457,14451,14432,14531,14529,6740,6819,6816,6817,6818,6688,6379,7460,334,189,188,188,202,202,202,203,202,202,202,202,202,197,75,7,4,4,1,2,1,1,2,0,0,0,0,1,2,2,1,1,1,1,2,3,2,1,0,0,1,0,0,0,0,2,0,0,1,1,0,0,3,1,0,0,0,1,0,0,0,0,0,0,2,0,0,0,0,0,0,0,1,0,0,0,0,1,0,0,0,2,1,0,0,1,0,0,0,0,0,0,0,0,2,0,1,1,2,4,2,3,0,0,0,0,0,0,0,0,0,1,0,0,0,1
MRSA_jail_208,14374,14372,14370,14373,14376,14373,14306,14315,14318,14207,14203,14631,14631,14648,14648,14707,14651,14628,14626,14567,14397,14392,14371,14464,14464,6683,6762,6759,6760,6761,6645,6324,7404,334,189,188,188,202,202,202,203,202,202,203,203,202,197,75,7,4,4,1,2,1,1,2,0,0,0,0,1,2,2,1,1,1,1,2,3,2,1,0,0,1,0,0,0,0,2,0,0,1,1,0,0,3,1,0,0,0,1,0,0,0,0,0,0,2,0,0,0,0,0,0,0,1,0,0,0,0,1,0,0,0,2,1,0,0,1,0,0,0,0,0,0,0,0,2,0,1,1,2,4,2,3,0,0,0,0,0,0,0,0,0,1,0,0,0,1
MRSA_jail_262,14436,14437,14432,14435,14438,14435,14368,14377,14380,14269,14268,14693,14692,14711,14714,14651,14770,14693,14688,14629,14457,14452,14433,14529,14525,6740,6819,6816,6817,6818,6687,6379,7459,333,188,187,187,201,201,201,202,201,201,201,201,201,197,75,7,4,4,1,2,1,1,2,0,0,0,0,1,2,2,1,1,1,1,2,3,2,1,0,0,1,0,0,0,0,2,0,0,1,1,0,0,3,1,0,0,0,1,0,0,0,0,0,0,2,0,0,0,0,0,0,0,1,0,0,0,0,1,0,0,0,2,1,0,0,1,0,0,0,0,0,0,0,0,2,0,1,1,2,4,2,3,0,0,0,0,0,0,0,0,0,1,0,0,0,1
MRSA_jail_535,14432,14436,14430,14431,14434,14430,14367,14372,14378,14265,14265,14689,14689,14689,14694,14628,14693,14764,14686,14628,14453,14447,14429,14525,14522,6738,6817,6814,6815,6816,6686,6379,7460,334,189,188,188,202,202,202,203,202,202,202,202,202,197,75,7,4,4,1,2,1,1,2,0,0,0,0,1,2,2,1,1,1,1,2,3,2,1,0,0,1,0,0,0,0,2,0,0,1,1,0,0,3,1,0,0,0,1,0,0,0,0,0,0,2,0,0,0,0,0,0,0,1,0,0,0,0,1,0,0,0,2,1,0,0,1,0,0,0,0,0,0,0,0,2,0,1,1,2,4,2,3,0,0,0,0,0,0,0,0,0,1,0,0,0,1
MRSA_jail_531,14429,14430,14427,14428,14432,14428,14364,14369,14376,14262,14260,14690,14685,14687,14692,14626,14688,14686,14736,14625,14451,14445,14426,14523,14523,6738,6817,6814,6815,6816,6684,6377,7458,334,189,188,188,202,202,202,203,202,202,202,202,202,197,75,7,4,4,1,2,1,1,2,0,0,0,0,1,2,2,1,1,1,1,2,3,2,1,0,0,1,0,0,0,0,2,0,0,1,1,0,0,3,1,0,0,0,1,0,0,0,0,0,0,2,0,0,0,1,1,1,0,1,0,0,0,0,1,0,0,0,1,1,0,0,1,0,0,0,0,0,0,0,0,2,0,1,1,2,4,2,3,0,0,0,0,0,0,0,0,0,1,0,0,0,1
MRSA_jail_30,14373,14373,14371,14375,14375,14371,14369,14371,14377,14206,14206,14627,14627,14628,14630,14567,14629,14628,14625,14728,14394,14388,14370,14463,14463,6737,6769,6766,6767,6768,6675,6333,7413,334,189,188,188,202,202,202,203,202,202,202,202,202,197,75,7,4,4,1,2,1,1,2,0,0,0,0,1,2,2,1,1,1,1,2,3,2,1,0,0,1,0,0,0,0,2,0,0,1,1,0,0,3,1,0,0,0,1,0,0,0,0,0,0,2,0,0,0,0,0,0,0,1,0,0,0,0,1,0,0,0,2,1,0,0,1,0,0,0,0,0,0,0,0,2,0,1,1,2,4,2,3,0,0,0,0,0,0,0,0,0,1,0,0,0,1
MRSA_jail_284,14421,14419,14420,14420,14422,14422,14357,14361,14366,14240,14235,14456,14455,14457,14457,14397,14457,14453,14451,14394,14708,14702,14462,14489,14490,6786,6821,6817,6818,6817,6682,6332,7458,272,178,177,177,181,181,181,182,181,181,181,181,181,153,83,7,4,4,1,2,1,1,2,0,0,0,0,1,2,2,1,1,1,1,2,3,2,1,0,0,1,0,0,0,0,2,0,0,1,1,0,0,2,1,0,0,0,1,0,0,1,0,0,0,2,0,0,0,0,0,0,0,1,0,0,0,0,1,0,0,0,2,1,0,0,1,0,0,0,0,0,0,0,0,2,0,1,1,2,4,2,3,0,0,0,0,0,0,0,0,0,1,0,0,0,1
MRSA_jail_285,14418,14414,14415,14415,14417,14418,14352,14358,14361,14238,14231,14451,14452,14454,14451,14392,14452,14447,14445,14388,14702,14703,14462,14484,14484,6784,6817,6813,6816,6813,6678,6328,7453,272,178,177,177,181,181,181,182,181,181,181,181,181,153,83,7,4,4,1,2,1,1,2,0,0,0,0,1,2,2,1,1,1,1,2,3,2,1,0,0,1,0,0,0,0,2,0,0,1,1,0,0,2,1,0,0,0,1,0,0,1,0,0,0,2,0,0,0,0,0,0,0,1,0,0,0,0,1,0,0,0,2,1,0,0,1,0,0,0,0,0,0,0,0,2,0,1,1,2,4,2,3,0,0,0,0,0,0,0,0,0,1,0,0,0,1
MRSA_jail_43,14404,14397,14393,14400,14398,14396,14330,14344,14341,14226,14215,14434,14435,14437,14432,14371,14433,14429,14426,14370,14462,14462,14672,14465,14465,6721,6799,6793,6798,6796,6663,6318,7445,272,178,177,177,181,181,181,182,181,181,181,181,181,152,57,7,4,4,1,2,1,2,2,0,0,0,0,1,2,2,1,1,1,1,2,3,2,1,0,0,1,0,0,0,0,2,0,0,1,1,0,0,2,1,0,0,0,1,0,0,0,0,0,0,2,0,0,0,0,0,0,0,1,0,0,0,0,1,0,0,0,2,1,0,0,1,0,0,0,0,0,0,0,0,2,0,1,1,2,4,2,3,0,0,0,0,0,0,0,0,0,1,0,0,0,1
MRSA_jail_537,14436,14439,14433,14435,14440,14435,14370,14377,14382,14251,14252,14523,14522,14524,14531,14464,14529,14525,14523,14463,14489,14484,14465,14925,14797,6744,6824,6820,6821,6821,6690,6404,7477,375,230,229,229,194,194,194,195,194,194,194,194,194,220,62,7,4,4,1,2,1,1,3,0,0,0,0,1,3,3,2,2,2,2,3,4,3,2,1,1,2,1,1,1,1,3,1,1,2,2,1,1,2,1,0,0,0,1,0,0,0,0,1,0,2,0,0,0,0,0,0,0,2,0,0,0,0,1,0,0,0,2,2,0,0,1,0,0,0,0,0,0,0,0,2,0,1,1,2,4,2,3,0,0,0,0,0,0,0,1,1,1,0,0,0,1
MRSA_jail_560,14436,14436,14434,14435,14438,14435,14370,14376,14382,14251,14248,14523,14523,14524,14529,14464,14525,14522,14523,14463,14490,14484,14465,14797,14988,6744,6824,6820,6821,6821,6688,6405,7479,375,230,229,229,194,194,194,195,194,194,194,194,195,221,62,7,4,4,1,2,1,1,2,0,0,0,0,1,3,3,2,2,2,2,3,4,3,2,1,1,2,1,1,1,1,3,1,1,2,2,1,1,2,1,0,0,0,1,0,0,0,0,1,0,2,0,0,0,0,0,0,0,2,0,0,0,0,1,0,1,1,2,1,0,0,1,0,0,0,0,0,0,0,0,2,0,1,1,2,4,2,3,0,0,0,0,1,0,0,1,1,1,0,0,0,1
MRSA_jail_89,6724,6728,6724,6725,6727,6724,6722,6724,6727,6668,6671,6739,6736,6737,6740,6683,6740,6738,6738,6737,6786,6784,6721,6744,6744,14258,14017,13913,13943,13939,7201,6614,6540,272,178,177,177,181,181,181,181,181,181,180,181,180,155,86,6,4,4,1,1,0,0,2,0,0,0,0,1,0,0,0,0,0,0,1,2,0,0,0,0,0,1,0,0,0,1,0,0,2,1,0,2,0,0,0,1,1,0,0,2,0,0,0,0,1,0,0,0,1,1,1,1,1,1,2,2,1,0,0,0,0,1,1,0,0,0,0,0,0,0,0,0,0,0,0,0,0,0,1,1,1,2,0,0,0,0,0,0,0,1,1,1,0,0,0,0
MRSA_jail_213,6803,6807,6803,6804,6806,6803,6754,6756,6759,6748,6751,6818,6815,6816,6819,6762,6819,6817,6817,6769,6821,6817,6799,6824,6824,14017,14273,14027,14057,14050,7233,6691,6632,273,178,177,177,182,182,182,182,182,181,181,182,181,156,60,6,4,4,1,1,0,0,2,0,1,0,0,1,0,0,0,0,0,0,1,2,0,0,0,0,0,1,0,0,0,2,0,0,2,1,0,2,0,0,0,1,1,0,0,2,0,0,0,0,1,0,0,0,1,1,1,1,1,1,2,2,1,0,0,0,0,1,1,0,0,0,0,0,0,0,0,0,0,0,0,0,0,0,1,1,1,2,0,0,0,0,0,0,0,1,1,1,0,0,0,0
MRSA_jail_256,6798,6802,6800,6799,6803,6800,6751,6751,6756,6742,6747,6815,6812,6813,6816,6759,6816,6814,6814,6766,6817,6813,6793,6820,6820,13913,14027,14280,14202,14198,7216,6673,6622,271,177,176,176,180,180,180,180,180,179,179,180,179,154,59,6,4,4,1,1,0,0,2,0,1,0,0,1,0,0,0,0,0,0,1,2,0,0,0,0,0,1,0,0,0,2,0,0,2,1,0,2,0,0,0,1,1,0,0,2,0,0,0,0,1,0,0,0,1,1,1,1,1,1,2,2,1,0,0,0,0,1,1,0,0,0,0,0,0,0,0,0,0,0,0,0,0,0,1,1,1,2,0,0,0,0,0,0,0,1,1,1,0,0,0,0
MRSA_jail_281,6801,6805,6801,6802,6804,6801,6752,6754,6757,6745,6748,6816,6813,6814,6817,6760,6817,6815,6815,6767,6818,6816,6798,6821,6821,13943,14057,14202,14281,14223,7232,6690,6625,271,177,176,176,180,180,180,180,180,179,179,180,179,154,59,6,4,4,1,1,0,0,2,0,1,0,0,1,0,1,0,0,0,0,1,2,0,0,0,0,0,1,0,0,0,2,0,0,2,1,0,2,0,0,0,1,1,0,0,2,0,0,0,0,1,0,0,0,1,1,1,1,1,1,2,2,1,0,0,0,0,1,1,0,0,1,0,0,0,0,0,0,0,0,0,0,0,0,1,1,1,2,0,0,0,0,0,0,0,1,1,1,0,0,0,0
MRSA_jail_60,6801,6805,6801,6803,6803,6801,6752,6754,6756,6745,6748,6817,6814,6815,6818,6761,6818,6816,6816,6768,6817,6813,6796,6821,6821,13939,14050,14198,14223,14304,7233,6694,6622,271,177,176,176,180,180,180,180,180,179,179,180,179,154,59,6,4,4,1,1,0,0,2,0,1,0,0,1,0,0,0,0,0,0,1,2,0,0,0,0,0,1,0,0,0,2,0,0,2,1,0,2,0,0,0,1,1,0,0,2,0,0,0,0,1,0,0,0,1,1,1,1,1,1,2,2,1,0,0,0,0,1,1,0,0,0,0,0,0,0,0,0,0,0,0,0,0,0,1,1,1,2,0,0,0,0,0,0,0,1,1,1,0,0,0,0
MRSA_jail_561,6672,6678,6671,6671,6675,6673,6662,6665,6669,6570,6570,6684,6682,6683,6688,6645,6687,6686,6684,6675,6682,6678,6663,6690,6688,7201,7233,7216,7232,7233,14672,6652,6615,270,178,177,177,181,181,181,181,181,181,181,182,182,154,58,6,4,4,1,1,0,0,1,0,1,0,0,1,0,0,1,0,0,0,1,2,0,0,0,0,0,0,0,0,0,2,0,0,0,1,0,1,0,0,0,0,0,0,0,1,0,0,0,1,1,0,0,0,1,1,1,1,1,1,2,0,0,0,0,0,0,2,2,1,0,0,0,0,0,0,0,0,0,0,0,0,0,0,2,1,2,2,0,0,0,0,1,0,0,0,0,1,0,0,0,2
MRSA_jail_201,6337,6337,6339,6339,6341,6338,6292,6291,6294,6243,6246,6380,6378,6379,6379,6324,6379,6379,6377,6333,6332,6328,6318,6404,6405,6614,6691,6673,6690,6694,6652,14466,12005,364,199,198,198,190,190,190,190,190,190,190,190,191,184,69,7,4,4,2,0,0,0,1,0,0,0,0,1,1,1,1,0,0,0,1,2,2,3,0,0,0,0,0,1,1,1,0,0,1,1,1,1,1,1,0,0,0,0,0,1,0,0,0,0,2,0,0,0,1,1,1,1,2,3,1,1,2,1,0,0,0,0,0,1,0,1,2,0,1,0,0,0,1,0,0,0,0,0,1,1,1,2,0,0,0,0,2,0,0,2,2,0,0,0,0,2
MRSA_jail_251,7434,7434,7438,7436,7438,7436,7391,7387,7392,7352,7355,7460,7458,7459,7460,7404,7459,7460,7458,7413,7458,7453,7445,7477,7479,6540,6632,6622,6625,6622,6615,12005,14449,284,176,175,175,178,178,178,178,178,178,178,178,179,166,55,6,5,4,2,0,0,0,1,0,0,0,0,1,1,1,2,1,1,1,2,3,4,1,1,1,1,1,1,2,2,2,1,1,2,3,2,2,1,1,0,0,0,0,0,1,0,0,0,0,2,0,0,0,1,1,1,1,3,2,2,1,0,0,0,0,0,0,0,1,0,1,0,0,2,1,0,0,0,0,1,1,0,0,2,1,1,2,0,0,0,0,1,0,0,1,1,0,0,0,1,2
MRSA_jail_224,286,286,286,286,286,286,286,286,432,277,277,334,334,334,334,334,333,334,334,334,272,272,272,375,375,272,273,271,271,271,270,364,284,985,276,276,276,193,193,193,193,193,193,193,193,192,300,71,5,4,4,1,0,0,0,0,0,0,0,0,0,0,0,0,0,0,0,0,0,0,0,0,0,0,0,0,1,0,0,0,0,0,0,0,0,0,0,0,0,0,0,5,1,0,0,14,1,0,0,0,0,0,0,0,0,0,0,0,0,0,0,0,0,0,0,0,0,1,0,0,0,0,0,0,0,0,0,0,0,0,0,0,0,0,0,0,0,0,0,0,0,0,0,0,0,0,0,0,0
MRSA_jail_107,178,178,178,178,178,178,178,178,254,179,179,189,189,189,189,189,188,189,189,189,178,178,178,230,230,178,178,177,177,177,178,199,176,276,717,667,667,284,284,284,284,284,284,284,284,284,151,59,5,4,4,1,0,0,0,0,0,0,0,0,0,1,1,1,1,1,1,1,1,1,1,1,1,1,1,1,2,2,1,1,1,1,1,1,1,0,0,0,0,0,0,9,0,0,0,11,0,0,0,0,0,0,0,0,0,1,0,0,0,0,0,0,0,0,0,0,0,0,0,0,0,0,0,0,0,0,0,0,0,0,0,0,0,0,0,0,0,0,0,0,1,1,1,1,1,0,0,0,0
MRSA_jail_152,177,177,177,177,177,177,177,177,253,178,178,188,188,188,188,188,187,188,188,188,177,177,177,229,229,177,177,176,176,176,177,198,175,276,667,723,691,284,284,284,284,284,284,284,284,284,151,59,5,4,4,1,0,0,0,0,0,0,0,0,0,1,1,1,1,1,1,1,1,1,1,1,1,1,1,1,2,2,1,1,1,1,1,1,1,0,0,0,0,0,0,9,0,0,0,11,0,0,0,0,0,0,0,0,0,1,0,0,0,0,0,0,0,0,0,0,0,0,0,0,0,0,0,0,0,0,0,0,0,0,0,0,0,0,0,0,0,0,0,0,1,1,1,1,1,0,0,0,0
MRSA_jail_2,177,177,177,177,177,177,177,177,253,178,178,188,188,188,188,188,187,188,188,188,177,177,177,229,229,177,177,176,176,176,177,198,175,276,667,691,705,284,284,284,284,284,284,284,284,284,151,59,5,4,4,1,0,0,0,0,0,0,0,0,0,1,1,1,1,1,1,1,1,1,1,1,1,1,1,1,2,2,1,1,1,1,1,1,1,0,0,0,0,0,0,9,0,0,0,11,0,0,0,0,0,0,0,0,0,1,0,0,0,0,0,0,0,0,0,0,0,0,0,0,0,0,0,0,0,0,0,0,0,0,0,0,0,0,0,0,0,0,0,0,1,1,1,1,1,0,0,0,0
MRSA_jail_147,191,191,191,191,191,191,191,191,191,188,188,202,202,202,202,202,201,202,202,202,181,181,181,194,194,181,182,180,180,180,181,190,178,193,284,284,284,509,499,499,499,499,445,444,444,439,156,58,5,4,4,1,0,0,0,0,0,0,0,0,0,1,1,1,1,1,1,1,1,1,1,1,1,1,1,1,1,1,1,1,1,1,1,1,2,0,0,0,0,0,0,0,0,0,0,0,1,0,0,0,0,1,1,1,1,2,1,1,1,0,0,0,0,0,0,0,0,0,0,0,0,0,0,0,0,0,0,0,0,0,0,0,0,0,0,0,0,0,0,0,2,2,1,1,0,0,0,0,0
MRSA_jail_164,191,191,191,191,191,191,191,191,191,188,188,202,202,202,202,202,201,202,202,202,181,181,181,194,194,181,182,180,180,180,181,190,178,193,284,284,284,499,512,501,499,499,445,444,444,439,156,58,5,4,4,1,0,0,0,0,0,0,0,0,0,1,1,1,1,1,1,1,1,1,1,1,1,1,1,1,1,1,1,1,1,1,1,1,2,0,0,0,0,0,0,0,0,0,0,0,1,0,0,0,0,1,1,1,1,2,1,1,0,0,0,0,0,0,0,0,0,0,0,0,0,0,0,0,0,0,0,0,0,0,0,0,0,0,0,0,0,0,0,0,2,2,1,1,0,0,0,0,0
MRSA_jail_25,191,191,191,191,191,191,191,191,191,188,188,202,202,202,202,202,201,202,202,202,181,181,181,194,194,181,182,180,180,180,181,190,178,193,284,284,284,499,501,505,499,499,445,444,444,439,156,58,5,4,4,1,0,0,0,0,0,0,0,0,0,1,1,1,1,1,1,1,1,1,1,1,1,1,1,1,1,1,1,1,1,1,1,1,2,0,0,0,0,0,0,0,0,0,0,0,1,0,0,0,0,1,1,1,1,2,1,1,0,0,0,0,0,0,0,0,0,0,0,0,0,0,0,0,0,0,0,0,0,0,0,0,0,0,0,0,0,0,0,0,2,2,1,1,0,0,0,0,0
MRSA_jail_196,192,192,192,192,192,192,192,192,192,189,189,203,203,203,203,203,202,203,203,203,182,182,182,195,195,181,182,180,180,180,181,190,178,193,284,284,284,499,499,499,510,499,445,444,444,439,156,58,5,4,4,1,0,0,0,0,0,0,0,0,0,1,1,1,1,1,1,1,1,1,1,1,1,1,1,1,1,1,1,1,1,1,1,1,2,0,0,0,0,0,0,0,0,0,0,0,1,0,0,0,0,1,1,1,1,2,1,1,0,0,0,0,0,0,0,0,0,0,0,0,0,0,0,0,0,0,0,0,0,0,0,0,0,0,0,0,0,0,0,0,2,2,1,1,0,0,0,0,0
MRSA_jail_47,191,191,191,191,191,191,191,191,191,188,188,202,202,202,202,202,201,202,202,202,181,181,181,194,194,181,182,180,180,180,181,190,178,193,284,284,284,499,499,499,499,504,445,444,444,439,156,58,5,4,4,1,0,0,0,0,0,0,0,0,0,1,1,1,1,1,1,1,1,1,1,1,1,1,1,1,1,1,1,1,1,1,1,1,2,0,0,0,0,0,0,0,0,0,0,0,1,0,0,0,0,1,1,1,1,2,1,1,0,0,0,0,0,0,0,0,0,0,0,0,0,0,0,0,0,0,0,0,0,0,0,0,0,0,0,0,0,0,0,0,2,2,1,1,0,0,0,0,0
MRSA_jail_92,191,191,191,191,191,191,191,191,191,188,188,202,202,202,202,202,201,202,202,202,181,181,181,194,194,181,181,179,179,179,181,190,178,193,284,284,284,445,445,445,445,445,525,444,444,439,156,58,5,4,4,1,0,0,0,0,0,0,0,0,0,1,1,1,1,1,1,1,1,1,1,1,1,1,1,1,1,1,1,1,1,1,1,1,2,0,0,0,0,0,0,0,0,0,0,0,1,0,0,0,0,1,1,1,1,2,1,1,0,0,0,0,0,0,0,0,0,0,0,0,0,0,0,0,0,0,0,0,0,0,0,0,0,0,0,0,0,0,0,0,2,2,1,1,0,0,0,0,0
MRSA_jail_179,191,191,191,191,191,191,191,191,191,188,188,202,202,202,202,203,201,202,202,202,181,181,181,194,194,180,181,179,179,179,181,190,178,193,284,284,284,444,444,444,444,444,444,502,469,439,156,58,5,4,4,1,0,0,0,0,0,0,0,0,0,1,1,1,1,1,1,1,1,1,1,1,1,1,1,1,1,1,1,1,1,1,1,1,2,0,0,0,0,0,0,0,0,0,0,0,1,0,0,0,0,1,1,1,1,2,1,1,0,0,0,0,0,0,0,0,0,0,0,0,0,0,0,0,0,0,0,0,0,0,0,0,0,0,0,0,0,0,0,0,2,2,1,1,0,0,0,0,0
MRSA_jail_40,191,191,191,191,191,191,191,191,191,188,188,202,202,202,202,203,201,202,202,202,181,181,181,194,194,181,182,180,180,180,182,190,178,193,284,284,284,444,444,444,444,444,444,469,498,439,156,58,5,4,4,1,0,0,0,0,0,0,0,0,0,1,1,1,1,1,1,1,1,1,1,1,1,1,1,1,1,1,1,1,1,1,1,1,2,0,0,0,0,0,0,0,0,0,0,0,1,0,0,0,0,1,1,1,1,2,1,1,0,0,0,0,0,0,0,0,0,0,0,0,0,0,0,0,0,0,0,0,0,0,0,0,0,0,0,1,0,0,0,0,2,2,1,1,0,0,0,1,0
MRSA_jail_74,191,191,191,191,191,191,191,191,191,188,188,202,202,202,202,202,201,202,202,202,181,181,181,194,195,180,181,179,179,179,182,191,179,192,284,284,284,439,439,439,439,439,439,439,439,515,156,58,5,4,4,1,0,0,0,0,0,0,0,0,0,1,1,1,1,1,1,1,1,1,1,1,1,1,1,1,1,1,1,1,1,1,1,1,2,0,0,0,0,0,0,0,0,0,0,0,0,0,0,0,0,1,1,1,1,2,1,1,0,0,0,0,0,0,0,0,0,0,0,0,0,0,0,0,0,0,0,0,0,0,0,0,0,0,0,0,0,0,0,0,2,2,1,1,0,0,0,0,0
MRSA_jail_559,157,157,157,157,157,157,157,157,157,155,155,197,197,197,197,197,197,197,197,197,153,153,152,220,221,155,156,154,154,154,154,184,166,300,151,151,151,156,156,156,156,156,156,156,156,156,638,61,5,4,4,1,0,0,0,0,0,0,0,0,0,0,0,0,0,0,0,0,0,0,0,0,0,0,0,0,0,0,0,0,0,0,0,0,0,0,0,0,0,0,0,0,0,0,0,1,0,0,1,1,1,0,0,0,0,0,0,0,0,0,0,0,1,1,0,0,0,1,0,0,0,0,1,1,1,1,0,0,0,0,0,0,0,0,0,0,0,0,0,0,0,0,0,0,0,0,0,1,0
MRSA_jail_230,57,57,57,57,57,57,57,57,57,71,71,75,75,75,75,75,75,75,75,75,83,83,57,62,62,86,60,59,59,59,58,69,55,71,59,59,59,58,58,58,58,58,58,58,58,58,61,267,5,4,4,1,0,0,0,0,0,0,0,0,0,0,0,0,0,0,0,0,0,0,0,0,0,0,0,0,0,0,0,0,0,0,0,1,0,0,0,0,0,0,0,0,0,0,0,0,0,1,0,0,0,0,0,0,0,0,0,0,0,0,0,0,0,0,0,0,0,0,0,0,0,0,0,0,0,0,0,0,0,0,0,0,0,0,0,0,0,0,0,0,0,0,0,0,0,0,0,0,0
MRSA_jail_111,7,7,7,7,7,7,7,7,7,7,7,7,7,7,7,7,7,7,7,7,7,7,7,7,7,6,6,6,6,6,6,7,6,5,5,5,5,5,5,5,5,5,5,5,5,5,5,5,109,4,4,1,0,0,0,0,0,0,0,0,0,0,0,0,0,0,0,0,0,0,0,0,0,0,0,0,0,0,0,0,0,0,0,0,0,0,0,0,0,0,0,0,0,0,0,0,0,0,0,0,0,0,0,0,0,0,0,0,0,0,0,0,0,0,0,0,0,0,0,0,0,0,0,0,0,0,0,0,0,0,0,0,0,0,0,0,0,0,0,0,0,0,0,0,0,0,0,0,0
MRSA_jail_190,4,4,4,4,4,4,4,4,4,4,4,4,4,4,4,4,4,4,4,4,4,4,4,4,4,4,4,4,4,4,4,4,5,4,4,4,4,4,4,4,4,4,4,4,4,4,4,4,4,63,8,1,0,0,0,0,0,0,0,0,0,0,0,0,0,0,0,0,0,0,0,0,0,0,0,0,0,0,0,0,0,0,0,0,0,0,0,0,0,0,0,0,0,0,0,0,0,0,0,0,0,0,0,0,0,0,0,0,0,0,0,0,0,0,0,0,0,0,0,0,0,0,0,0,0,0,0,0,0,0,0,0,0,0,0,0,0,0,0,0,0,0,0,0,0,0,0,0,0
MRSA_jail_525,4,4,4,4,4,4,4,4,4,4,4,5,4,4,4,4,4,4,4,4,4,4,4,4,4,4,4,4,4,4,4,4,4,4,4,4,4,4,4,4,4,4,4,4,4,4,4,4,4,8,86,1,0,0,0,1,0,0,0,0,0,0,0,0,0,0,0,0,0,0,0,0,0,0,0,0,0,0,0,0,0,0,0,0,0,0,0,0,0,0,0,0,0,0,0,0,0,0,0,0,0,0,0,0,0,0,0,0,0,0,0,0,0,0,0,0,0,0,0,0,0,0,0,0,0,0,0,0,0,0,0,0,0,0,0,0,0,0,0,0,0,0,0,0,0,0,0,0,0
MRSA_jail_149,1,1,1,1,1,1,1,1,1,1,1,1,1,1,1,1,1,1,1,1,1,1,1,1,1,1,1,1,1,1,1,2,2,1,1,1,1,1,1,1,1,1,1,1,1,1,1,1,1,1,1,73,0,0,0,0,0,0,0,0,0,0,0,0,0,0,0,0,0,0,0,0,0,0,0,0,0,0,0,0,0,0,0,0,0,0,0,0,0,0,0,0,0,0,0,0,0,0,0,0,0,0,0,0,0,0,0,0,0,0,0,0,0,0,0,0,0,0,0,0,0,0,1,0,0,0,0,0,0,0,0,0,0,0,0,0,0,0,0,0,0,0,0,0,0,0,0,0,0
MRSA_jail_163,2,2,2,2,2,2,2,2,2,2,2,2,2,2,2,2,2,2,2,2,2,2,2,2,2,1,1,1,1,1,1,0,0,0,0,0,0,0,0,0,0,0,0,0,0,0,0,0,0,0,0,0,69,34,12,1,1,0,0,0,0,0,0,0,0,0,0,0,0,0,0,0,0,0,0,0,0,0,0,0,0,0,0,0,0,0,0,0,0,0,0,0,0,0,0,0,0,0,0,0,0,0,0,0,0,0,0,0,0,0,0,0,0,0,0,0,0,0,0,0,0,0,0,0,0,0,0,0,0,0,0,0,0,0,0,0,0,0,0,0,0,0,0,0,0,0,0,0,0
MRSA_jail_86,1,1,1,1,1,1,1,1,1,1,1,1,1,1,1,1,1,1,1,1,1,1,1,1,1,0,0,0,0,0,0,0,0,0,0,0,0,0,0,0,0,0,0,0,0,0,0,0,0,0,0,0,34,54,12,1,1,0,0,0,0,0,0,0,0,0,0,0,0,0,0,0,0,0,0,0,0,0,0,0,0,0,0,0,0,0,0,0,0,0,0,0,0,0,0,0,0,0,0,0,0,0,0,0,0,0,0,0,0,0,0,0,0,0,0,0,0,0,0,0,0,0,0,0,0,0,0,0,0,0,0,0,0,0,0,0,0,0,0,0,0,0,0,0,0,0,0,0,0
MRSA_jail_169,1,1,1,1,1,1,1,1,1,2,2,1,1,1,1,1,1,1,1,1,1,1,2,1,1,0,0,0,0,0,0,0,0,0,0,0,0,0,0,0,0,0,0,0,0,0,0,0,0,0,0,0,12,12,79,1,1,0,0,0,0,0,0,0,0,0,0,0,0,0,0,0,0,0,0,0,0,0,0,0,0,0,0,0,0,0,0,0,0,0,0,0,0,0,0,0,0,0,0,0,0,0,0,0,0,0,0,0,0,0,0,0,0,0,0,0,0,0,0,0,0,0,0,0,0,0,0,0,0,0,0,0,0,0,0,0,0,0,0,0,0,0,0,0,0,0,0,0,0
MRSA_jail_520,2,2,2,2,2,2,2,2,2,2,2,3,2,2,2,2,2,2,2,2,2,2,2,3,2,2,2,2,2,2,1,1,1,0,0,0,0,0,0,0,0,0,0,0,0,0,0,0,0,0,1,0,1,1,1,76,1,0,0,0,0,0,0,0,0,0,0,0,0,0,0,0,0,0,0,0,0,0,0,0,0,0,0,0,0,0,0,0,0,0,0,0,0,0,0,0,0,0,0,0,0,0,0,0,0,0,0,0,0,0,0,0,0,0,0,0,0,0,0,0,0,0,0,0,0,0,0,0,0,0,0,0,0,0,0,0,0,0,0,0,0,0,0,0,0,0,0,0,0
MRSA_jail_77,0,0,0,0,0,0,0,0,0,0,0,0,0,0,0,0,0,0,0,0,0,0,0,0,0,0,0,0,0,0,0,0,0,0,0,0,0,0,0,0,0,0,0,0,0,0,0,0,0,0,0,0,1,1,1,1,81,0,0,0,0,0,0,0,0,0,0,0,0,0,0,0,0,0,0,0,0,0,0,0,0,0,0,0,0,0,0,0,0,0,0,0,0,0,0,0,0,0,0,0,0,0,0,0,0,0,0,0,0,0,0,0,0,0,0,0,0,0,0,0,0,0,0,0,0,1,0,0,0,0,0,0,0,0,0,0,0,0,0,0,0,0,0,0,0,0,0,0,0
MRSA_jail_103,0,0,0,0,0,0,0,0,0,0,0,0,0,0,0,0,0,0,0,0,0,0,0,0,0,0,1,1,1,1,1,0,0,0,0,0,0,0,0,0,0,0,0,0,0,0,0,0,0,0,0,0,0,0,0,0,0,65,16,16,16,5,5,5,5,5,5,5,5,5,5,5,5,5,5,5,5,5,5,5,5,5,5,5,5,5,5,5,5,5,5,5,5,5,5,5,5,5,5,5,5,5,5,5,5,5,5,5,5,5,5,5,5,5,5,5,5,5,5,5,5,5,5,5,5,5,5,5,5,5,5,5,5,5,5,5,5,5,5,5,5,5,0,0,0,0,0,0,0
MRSA_jail_136,0,0,0,0,0,0,0,0,0,0,0,0,0,0,0,0,0,0,0,0,0,0,0,0,0,0,0,0,0,0,0,0,0,0,0,0,0,0,0,0,0,0,0,0,0,0,0,0,0,0,0,0,0,0,0,0,0,16,87,58,18,5,5,5,5,5,5,5,5,5,5,5,5,5,5,5,5,5,5,5,5,5,5,5,5,5,5,6,5,5,5,5,5,5,5,5,5,5,5,5,5,5,5,5,5,5,5,5,5,5,5,5,5,5,5,5,5,5,5,5,5,5,5,5,5,5,5,5,5,5,5,5,5,5,5,5,5,5,5,5,5,5,0,0,0,0,0,0,0
MRSA_jail_205,0,0,0,0,0,0,0,0,0,0,0,0,0,0,0,0,0,0,0,0,0,0,0,0,0,0,0,0,0,0,0,0,0,0,0,0,0,0,0,0,0,0,0,0,0,0,0,0,0,0,0,0,0,0,0,0,0,16,58,89,18,5,5,5,5,5,5,5,5,5,5,5,5,5,5,5,5,5,5,5,5,5,5,5,5,5,5,5,5,5,5,5,5,5,5,5,5,5,5,5,5,5,5,5,5,5,5,5,5,5,5,5,5,5,5,5,5,5,5,5,5,5,5,5,5,6,5,5,5,5,5,5,5,5,5,5,5,5,5,5,5,5,0,0,0,0,0,0,0
MRSA_jail_161,1,1,1,1,1,1,1,1,1,1,1,1,1,1,1,1,1,1,1,1,1,1,1,1,1,1,1,1,1,1,1,1,1,0,0,0,0,0,0,0,0,0,0,0,0,0,0,0,0,0,0,0,0,0,0,0,0,16,18,18,105,5,5,5,5,5,5,5,5,5,5,5,5,5,5,5,5,5,5,5,5,5,5,5,5,5,5,5,5,5,5,5,5,5,5,5,5,5,5,5,5,5,5,5,5,5,5,5,5,5,5,5,5,5,5,5,5,5,5,5,5,5,5,5,5,5,5,5,5,5,5,5,5,5,5,5,5,5,5,5,5,5,0,0,0,0,0,0,0
MRSA_jail_109,2,2,2,2,2,2,2,2,2,2,2,2,2,2,2,2,2,2,2,2,2,2,2,3,3,0,0,0,0,0,0,1,1,0,1,1,1,1,1,1,1,1,1,1,1,1,0,0,0,0,0,0,0,0,0,0,0,5,5,5,5,60,31,17,17,17,17,16,16,13,8,8,8,8,8,8,8,8,8,6,6,8,6,6,6,5,5,5,5,5,5,5,5,5,5,5,5,5,5,5,5,5,5,5,5,6,5,5,5,5,5,5,5,5,5,5,5,5,5,5,5,5,5,5,5,5,5,5,5,5,5,5,5,5,5,5,5,5,5,5,5,5,1,1,0,0,0,0,0
MRSA_jail_118,2,2,2,2,2,2,2,2,2,2,2,2,2,2,2,2,2,2,2,2,2,2,2,3,3,0,0,0,1,0,0,1,1,0,1,1,1,1,1,1,1,1,1,1,1,1,0,0,0,0,0,0,0,0,0,0,0,5,5,5,5,31,79,17,17,17,17,16,16,13,8,8,8,8,8,8,8,8,8,6,6,8,6,6,6,5,5,5,5,5,5,5,5,5,5,5,5,5,5,5,5,5,5,5,5,6,5,5,5,5,5,5,5,5,5,5,5,5,6,5,5,5,5,5,5,5,5,5,5,5,5,5,5,5,5,5,5,5,5,5,5,5,1,1,0,0,0,0,0
MRSA_jail_13,1,1,1,1,1,1,1,1,1,1,1,1,1,1,1,1,1,1,1,1,1,1,1,2,2,0,0,0,0,0,1,1,2,0,1,1,1,1,1,1,1,1,1,1,1,1,0,0,0,0,0,0,0,0,0,0,0,5,5,5,5,17,17,65,45,45,45,16,16,13,8,8,8,8,8,8,8,8,8,6,6,8,6,6,6,5,5,5,5,5,5,5,5,5,5,5,5,5,5,5,5,5,5,5,5,6,5,5,5,5,5,5,5,5,5,5,5,5,5,5,5,5,5,5,5,5,5,5,5,5,5,5,5,5,5,5,5,5,5,5,5,5,1,1,0,1,0,0,0
MRSA_jail_211,1,1,1,1,1,1,1,1,1,1,1,1,1,1,1,1,1,1,1,1,1,1,1,2,2,0,0,0,0,0,0,0,1,0,1,1,1,1,1,1,1,1,1,1,1,1,0,0,0,0,0,0,0,0,0,0,0,5,5,5,5,17,17,45,92,48,48,16,16,13,8,8,8,8,8,8,8,8,8,6,6,8,6,6,6,5,5,5,5,5,5,5,5,5,5,5,5,5,5,5,5,5,5,5,5,6,5,5,5,5,5,5,6,6,5,5,5,5,5,5,5,5,5,5,5,5,5,5,5,5,5,5,5,5,5,5,5,5,5,5,5,5,1,1,0,1,0,0,1
MRSA_jail_225,1,1,1,1,1,1,1,1,1,1,1,1,1,1,1,1,1,1,1,1,1,1,1,2,2,0,0,0,0,0,0,0,1,0,1,1,1,1,1,1,1,1,1,1,1,1,0,0,0,0,0,0,0,0,0,0,0,5,5,5,5,17,17,45,48,82,53,16,16,13,8,8,8,8,8,8,8,8,8,6,6,8,6,6,6,5,5,5,5,5,5,5,5,5,5,5,5,6,5,5,5,5,5,5,5,6,5,5,5,5,5,5,5,5,5,5,5,5,7,5,5,5,5,5,5,5,5,5,5,5,5,5,5,5,5,5,5,5,5,5,5,5,1,1,0,1,0,0,0
MRSA_jail_29,1,1,1,1,1,1,1,1,1,1,1,1,1,1,1,1,1,1,1,1,1,1,1,2,2,0,0,0,0,0,0,0,1,0,1,1,1,1,1,1,1,1,1,1,1,1,0,0,0,0,0,0,0,0,0,0,0,5,5,5,5,17,17,45,48,53,78,16,16,13,8,8,8,8,8,8,8,8,8,6,6,8,6,6,6,5,5,5,5,5,5,5,5,5,5,5,5,5,5,5,5,5,5,5,5,6,5,5,5,5,5,5,5,5,5,5,5,5,7,5,5,5,5,5,5,5,5,5,5,5,5,5,5,5,5,5,5,5,5,5,5,5,1,1,0,1,0,0,0
MRSA_jail_10,2,2,2,2,2,2,2,2,2,2,2,2,2,2,2,2,2,2,2,2,2,2,2,3,3,1,1,1,1,1,1,1,2,0,1,1,1,1,1,1,1,1,1,1,1,1,0,0,0,0,0,0,0,0,0,0,0,5,5,5,5,16,16,16,16,16,16,56,54,13,8,8,8,8,8,8,8,8,8,6,6,9,6,6,6,5,5,5,5,5,5,5,5,5,5,5,5,5,5,5,5,5,5,5,5,6,5,5,5,5,5,5,5,5,5,5,5,5,5,5,5,5,5,5,5,5,5,5,5,5,5,5,5,5,5,5,5,5,5,5,5,5,1,1,0,0,0,0,0
MRSA_jail_231,3,3,3,3,3,3,3,3,3,3,3,3,3,3,3,3,3,3,3,3,3,3,3,4,4,2,2,2,2,2,2,2,3,0,1,1,1,1,1,1,1,1,1,1,1,1,0,0,0,0,0,0,0,0,0,0,0,5,5,5,5,16,16,16,16,16,16,54,67,13,8,8,8,8,8,8,8,8,8,6,6,9,6,6,6,5,5,5,5,5,5,5,5,5,5,5,5,5,5,5,5,5,5,5,5,6,5,5,5,5,5,5,5,5,5,5,5,5,5,5,5,5,5,5,5,5,5,5,5,5,5,5,5,5,5,5,5,5,5,5,5,5,1,1,0,0,0,0,0
MRSA_jail_188,2,2,2,2,2,2,2,2,2,2,2,2,2,2,2,2,2,2,2,2,2,2,2,3,3,0,0,0,0,0,0,2,4,0,1,1,1,1,1,1,1,1,1,1,1,1,0,0,0,0,0,0,0,0,0,0,0,5,5,5,5,13,13,13,13,13,13,13,13,69,8,8,8,8,8,8,8,8,8,6,6,8,6,6,6,5,5,5,5,5,5,5,5,5,5,5,5,5,5,5,5,5,5,5,5,6,5,5,5,5,5,5,5,5,5,5,5,5,5,5,5,5,5,5,5,5,5,5,5,5,5,5,5,5,5,5,5,5,5,5,5,5,1,1,0,0,0,0,0
MRSA_jail_254,1,1,1,1,1,1,1,1,1,1,1,1,1,1,1,1,1,1,1,1,1,1,1,2,2,0,0,0,0,0,0,3,1,0,1,1,1,1,1,1,1,1,1,1,1,1,0,0,0,0,0,0,0,0,0,0,0,5,5,5,5,8,8,8,8,8,8,8,8,8,97,8,8,8,8,8,8,8,8,6,6,8,6,6,6,5,5,5,5,5,5,5,5,5,5,5,5,5,5,5,5,5,5,5,5,6,5,5,5,7,6,5,5,5,5,5,5,5,5,7,5,5,5,5,5,5,5,5,5,5,5,5,5,5,5,5,5,5,5,5,5,5,3,3,0,0,1,0,0
MRSA_jail_234,0,0,0,0,0,0,0,0,0,0,0,0,0,0,0,0,0,0,0,0,0,0,0,1,1,0,0,0,0,0,0,0,1,0,1,1,1,1,1,1,1,1,1,1,1,1,0,0,0,0,0,0,0,0,0,0,0,5,5,5,5,8,8,8,8,8,8,8,8,8,8,73,8,8,8,8,8,8,8,6,6,8,6,6,6,5,5,5,5,5,5,5,5,5,5,5,5,5,5,5,5,5,5,5,5,6,5,5,5,5,5,5,5,5,5,5,5,5,5,5,5,5,5,5,5,5,5,5,5,5,5,5,5,5,5,5,5,5,5,5,5,5,1,1,0,0,0,0,0
MRSA_jail_236,0,0,0,0,0,0,0,0,0,0,0,0,0,0,0,0,0,0,0,0,0,0,0,1,1,0,0,0,0,0,0,0,1,0,1,1,1,1,1,1,1,1,1,1,1,1,0,0,0,0,0,0,0,0,0,0,0,5,5,5,5,8,8,8,8,8,8,8,8,8,8,8,95,10,8,8,8,8,8,6,6,8,6,6,6,5,5,5,5,5,5,5,5,5,5,5,5,5,5,5,5,5,5,5,5,6,5,5,5,5,5,5,5,5,5,5,5,5,5,5,5,5,5,5,5,5,5,5,5,5,5,5,5,5,6,5,5,5,5,5,5,5,1,1,0,0,0,0,0
MRSA_jail_518,1,1,1,1,1,1,1,1,1,1,1,1,1,1,1,1,1,1,1,1,1,1,1,2,2,0,0,0,0,0,0,0,1,0,1,1,1,1,1,1,1,1,1,1,1,1,0,0,0,0,0,0,0,0,0,0,0,5,5,5,5,8,8,8,8,8,8,8,8,8,8,8,10,81,8,8,8,8,8,6,6,8,6,6,6,5,5,5,5,5,5,5,5,5,5,5,5,5,5,5,5,5,5,5,5,6,5,5,5,5,5,5,5,5,5,5,5,5,5,5,5,5,5,5,5,5,5,5,5,5,5,5,5,5,5,5,5,5,5,5,5,5,1,1,0,0,0,0,0
MRSA_jail_261,0,0,0,0,0,0,0,0,0,0,0,0,0,0,0,0,0,0,0,0,0,0,0,1,1,1,1,1,1,1,0,0,1,0,1,1,1,1,1,1,1,1,1,1,1,1,0,0,0,0,0,0,0,0,0,0,0,5,5,5,5,8,8,8,8,8,8,8,8,8,8,8,8,8,105,8,8,8,8,6,6,8,6,6,6,5,5,5,6,6,5,5,5,5,5,5,5,5,5,5,5,5,5,5,5,6,5,5,5,5,5,5,5,5,5,5,5,5,5,5,5,5,5,5,5,5,5,5,5,5,5,5,5,5,5,5,5,5,5,5,5,5,1,1,0,0,0,0,0
MRSA_jail_28,0,0,0,0,0,0,0,0,0,0,0,0,0,0,0,0,0,0,0,0,0,0,0,1,1,0,0,0,0,0,0,0,1,0,1,1,1,1,1,1,1,1,1,1,1,1,0,0,0,0,0,0,0,0,0,0,0,5,5,5,5,8,8,8,8,8,8,8,8,8,8,8,8,8,8,78,8,8,8,6,6,8,6,6,6,5,5,5,5,5,5,5,5,5,5,5,5,5,5,5,5,5,5,5,5,6,5,5,5,5,5,5,5,5,5,5,6,5,5,5,5,5,5,5,5,5,5,5,5,5,5,5,5,5,5,5,5,5,5,5,6,6,1,1,0,0,0,0,0
MRSA_jail_24,0,0,0,0,0,0,0,0,1,0,0,0,0,0,0,0,0,0,0,0,0,0,0,1,1,0,0,0,0,0,0,1,2,1,2,2,2,1,1,1,1,1,1,1,1,1,0,0,0,0,0,0,0,0,0,0,0,5,5,5,5,8,8,8,8,8,8,8,8,8,8,8,8,8,8,8,77,8,8,6,6,8,6,6,6,5,5,5,5,5,5,5,5,5,5,5,5,5,5,5,5,5,5,5,5,6,5,5,5,5,5,5,5,5,5,5,5,5,5,5,5,5,5,5,5,5,5,5,5,5,5,5,5,5,5,5,5,5,5,5,5,5,1,1,0,0,0,0,0
MRSA_jail_174,0,0,0,0,0,0,0,0,0,0,0,0,0,0,0,0,0,0,0,0,0,0,0,1,1,0,0,0,0,0,0,1,2,0,2,2,2,1,1,1,1,1,1,1,1,1,0,0,0,0,0,0,0,0,0,0,0,5,5,5,5,8,8,8,8,8,8,8,8,8,8,8,8,8,8,8,8,83,8,6,6,8,6,6,6,5,5,5,5,5,5,5,5,5,5,5,5,5,5,5,5,5,5,5,5,6,5,5,5,5,5,5,5,5,5,5,5,5,5,5,5,5,5,5,5,5,5,5,5,5,5,5,5,5,5,5,5,5,5,5,5,5,1,1,0,0,0,0,0
MRSA_jail_239,2,2,2,2,2,2,2,2,2,2,2,2,2,2,2,2,2,2,2,2,2,2,2,3,3,1,2,2,2,2,2,1,2,0,1,1,1,1,1,1,1,1,1,1,1,1,0,0,0,0,0,0,0,0,0,0,0,5,5,5,5,8,8,8,8,8,8,8,8,8,8,8,8,8,8,8,8,8,79,6,6,8,6,6,6,5,5,5,5,5,5,5,5,5,5,5,5,5,5,5,5,5,5,5,5,6,5,5,5,5,5,5,5,5,5,5,5,5,5,5,5,5,5,5,5,5,5,5,5,5,5,5,5,5,5,5,5,5,5,5,5,5,1,1,0,0,0,0,0
MRSA_jail_112,0,0,0,0,0,0,0,0,0,0,0,0,0,0,0,0,0,0,0,0,0,0,0,1,1,0,0,0,0,0,0,0,1,0,1,1,1,1,1,1,1,1,1,1,1,1,0,0,0,0,0,0,0,0,0,0,0,5,5,5,5,6,6,6,6,6,6,6,6,6,6,6,6,6,6,6,6,6,6,68,7,6,7,6,6,5,5,5,5,5,5,5,5,5,5,5,5,5,5,5,5,5,5,5,5,6,5,5,5,5,5,5,5,5,5,5,5,5,5,5,5,5,5,5,5,5,5,5,5,5,5,5,5,5,5,5,5,5,5,5,5,5,1,1,0,0,0,0,0
MRSA_jail_19,0,0,0,0,0,0,0,0,0,0,0,0,0,1,0,0,0,0,0,0,0,0,0,1,1,0,0,0,0,0,0,0,1,0,1,1,1,1,1,1,1,1,1,1,1,1,0,0,0,0,0,0,0,0,0,0,0,5,5,5,5,6,6,6,6,6,6,6,6,6,6,6,6,6,6,6,6,6,6,7,84,6,7,6,6,5,5,5,5,5,5,5,5,5,5,5,5,5,5,5,5,5,5,5,5,6,5,5,5,5,5,5,5,5,5,5,5,5,5,5,5,5,5,5,5,5,5,5,5,5,5,5,5,5,5,5,5,5,5,5,5,5,1,1,0,0,0,0,0
MRSA_jail_181,1,1,1,1,1,1,1,1,1,1,1,1,1,1,1,1,1,1,1,1,1,1,1,2,2,2,2,2,2,2,0,1,2,0,1,1,1,1,1,1,1,1,1,1,1,1,0,0,0,0,0,0,0,0,0,0,0,5,5,5,5,8,8,8,8,8,8,9,9,8,8,8,8,8,8,8,8,8,8,6,6,88,6,6,6,5,5,5,5,5,5,5,5,5,5,5,5,5,5,5,5,5,5,5,5,6,5,5,5,5,5,5,5,5,5,5,5,5,5,5,5,5,5,5,5,5,5,5,5,5,5,5,5,5,5,5,5,5,5,5,5,5,1,1,0,0,0,0,0
MRSA_jail_274,1,1,1,1,1,1,1,1,1,1,1,1,1,1,1,1,1,1,1,1,1,1,1,2,2,1,1,1,1,1,1,1,3,0,1,1,1,1,1,1,1,1,1,1,1,1,0,0,0,0,0,0,0,0,0,0,0,5,5,5,5,6,6,6,6,6,6,6,6,6,6,6,6,6,6,6,6,6,6,7,7,6,63,6,6,5,5,5,5,5,5,5,5,5,5,5,5,5,5,5,5,5,5,5,5,6,5,5,5,5,5,5,5,5,5,5,5,5,5,5,5,5,5,5,5,5,5,5,5,5,5,5,5,5,5,5,5,5,5,5,5,5,1,1,0,0,0,0,0
MRSA_jail_170,0,0,0,0,0,0,0,0,0,0,0,0,0,0,0,0,0,0,0,0,0,0,0,1,1,0,0,0,0,0,0,1,2,0,1,1,1,1,1,1,1,1,1,1,1,1,0,1,0,0,0,0,0,0,0,0,0,5,5,5,5,6,6,6,6,6,6,6,6,6,6,6,6,6,6,6,6,6,6,6,6,6,6,76,6,5,5,5,5,5,5,5,5,5,5,5,5,5,5,5,5,5,5,5,5,6,5,5,5,5,5,5,5,5,5,5,5,5,5,5,5,5,5,5,5,5,5,5,5,5,5,5,5,5,5,5,5,5,5,5,5,5,1,1,0,0,0,0,0
MRSA_jail_521,0,0,0,0,0,0,0,0,0,0,0,0,0,0,0,0,0,0,0,0,0,0,0,1,1,2,2,2,2,2,1,1,2,0,1,1,1,2,2,2,2,2,2,2,2,2,0,0,0,0,0,0,0,0,0,0,0,5,5,5,5,6,6,6,6,6,6,6,6,6,6,6,6,6,6,6,6,6,6,6,6,6,6,6,93,5,5,5,5,5,5,5,5,5,5,5,5,5,5,5,5,6,6,6,6,7,6,6,5,5,5,5,5,5,5,5,5,5,5,5,5,5,5,5,5,5,5,5,5,5,5,5,5,5,5,5,5,5,5,5,5,5,1,1,0,0,0,0,0
MRSA_jail_160,3,3,3,3,3,3,3,3,3,3,3,3,3,3,3,3,3,3,3,3,2,2,2,2,2,0,0,0,0,0,0,1,1,0,0,0,0,0,0,0,0,0,0,0,0,0,0,0,0,0,0,0,0,0,0,0,0,5,5,5,5,5,5,5,5,5,5,5,5,5,5,5,5,5,5,5,5,5,5,5,5,5,5,5,5,80,61,13,13,13,5,5,5,5,5,5,5,5,5,5,5,5,5,5,5,5,5,5,5,5,5,5,5,5,5,5,5,5,5,5,5,6,6,6,6,6,6,6,6,6,6,5,5,5,5,5,5,5,5,5,5,5,0,0,0,0,0,0,0
MRSA_jail_268,1,1,1,1,1,1,1,1,1,1,1,1,1,1,1,1,1,1,1,1,1,1,1,1,1,0,0,0,0,0,0,1,1,0,0,0,0,0,0,0,0,0,0,0,0,0,0,0,0,0,0,0,0,0,0,0,0,5,5,5,5,5,5,5,5,5,5,5,5,5,5,5,5,5,5,5,5,5,5,5,5,5,5,5,5,61,83,13,13,13,5,5,5,5,5,5,5,5,5,5,5,5,5,5,5,5,5,5,5,5,5,5,5,5,5,5,5,5,5,5,5,6,6,6,6,6,6,6,6,6,6,5,5,5,5,5,5,5,5,5,5,5,0,0,0,0,0,0,0
MRSA_jail_229,0,0,0,0,0,0,0,0,0,0,0,0,0,0,0,0,0,0,0,0,0,0,0,0,0,0,0,0,0,0,0,0,0,0,0,0,0,0,0,0,0,0,0,0,0,0,0,0,0,0,0,0,0,0,0,0,0,5,6,5,5,5,5,5,5,5,5,5,5,5,5,5,5,5,5,5,5,5,5,5,5,5,5,5,5,13,13,97,13,13,5,5,5,5,5,5,5,5,5,5,5,5,5,5,5,5,5,5,5,5,5,5,5,5,5,5,5,5,5,5,5,6,6,6,6,6,6,6,6,6,6,5,5,5,5,5,5,5,5,5,5,5,0,0,0,0,0,0,0
MRSA_jail_58,0,0,0,0,0,0,0,0,0,0,0,0,0,0,0,0,0,0,0,0,0,0,0,0,0,1,1,1,1,1,0,0,0,0,0,0,0,0,0,0,0,0,0,0,0,0,0,0,0,0,0,0,0,0,0,0,0,5,5,5,5,5,5,5,5,5,5,5,5,5,5,5,5,5,6,5,5,5,5,5,5,5,5,5,5,13,13,13,52,52,5,5,5,5,5,5,5,5,5,5,5,5,5,5,5,5,5,5,5,5,5,5,5,5,5,5,5,5,5,5,5,6,6,6,6,6,6,6,6,6,6,5,5,5,5,5,5,5,5,5,5,5,0,0,0,0,0,0,0
MRSA_jail_59,0,0,0,0,0,0,0,0,0,0,0,0,0,0,0,0,0,0,0,0,0,0,0,0,0,1,1,1,1,1,0,0,0,0,0,0,0,0,0,0,0,0,0,0,0,0,0,0,0,0,0,0,0,0,0,0,0,5,5,5,5,5,5,5,5,5,5,5,5,5,5,5,5,5,6,5,5,5,5,5,5,5,5,5,5,13,13,13,52,52,5,5,5,5,5,5,5,5,5,5,5,5,5,5,5,5,5,5,5,5,5,5,5,5,5,5,5,5,5,5,5,6,6,6,6,6,6,6,6,6,6,5,5,5,5,5,5,5,5,5,5,5,0,0,0,0,0,0,0
MRSA_jail_135,1,1,1,1,1,1,1,1,1,1,1,1,1,1,1,1,1,1,1,1,1,1,1,1,1,0,0,0,0,0,0,0,0,0,0,0,0,0,0,0,0,0,0,0,0,0,0,0,0,0,0,0,0,0,0,0,0,5,5,5,5,5,5,5,5,5,5,5,5,5,5,5,5,5,5,5,5,5,5,5,5,5,5,5,5,5,5,5,5,5,64,14,6,6,6,5,5,5,5,5,5,5,5,5,5,5,5,5,5,5,6,5,5,5,5,5,5,5,5,5,5,5,5,5,5,5,5,5,5,5,5,5,5,5,5,5,5,5,5,5,5,5,0,0,0,0,0,0,0
MRSA_jail_16,1,1,1,1,1,1,1,1,6,1,1,0,0,0,0,0,0,0,0,0,0,0,0,0,0,0,0,0,0,0,0,0,0,5,9,9,9,0,0,0,0,0,0,0,0,0,0,0,0,0,0,0,0,0,0,0,0,5,5,5,5,5,5,5,5,5,5,5,5,5,5,5,5,5,5,5,5,5,5,5,5,5,5,5,5,5,5,5,5,5,14,114,6,6,6,5,5,5,5,5,5,5,5,5,5,5,5,5,5,5,5,5,5,5,5,5,5,5,5,5,5,5,5,5,5,5,5,5,5,5,5,5,5,5,5,5,5,5,5,5,5,5,0,0,0,0,0,0,0
MRSA_jail_155,0,0,0,0,0,0,0,0,0,0,0,0,0,0,0,0,0,0,0,0,0,0,0,0,0,2,2,2,2,2,1,1,1,1,0,0,0,0,0,0,0,0,0,0,0,0,0,0,0,0,0,0,0,0,0,0,0,5,5,5,5,5,5,5,5,5,5,5,5,5,5,5,5,5,5,5,5,5,5,5,5,5,5,5,5,5,5,5,5,5,6,6,101,6,6,5,5,5,5,5,5,5,5,5,5,5,5,5,5,5,5,5,5,5,5,5,5,5,5,5,5,5,5,5,5,5,5,5,5,5,5,5,5,5,5,5,5,5,5,5,5,5,0,0,0,0,0,0,0
MRSA_jail_221,0,0,0,0,0,0,0,0,0,0,0,0,0,0,0,0,0,0,0,0,1,1,0,0,0,0,0,0,0,0,0,0,0,0,0,0,0,0,0,0,0,0,0,0,0,0,0,0,0,0,0,0,0,0,0,0,0,5,5,5,5,5,5,5,5,5,5,5,5,5,5,5,5,5,5,5,5,5,5,5,5,5,5,5,5,5,5,5,5,5,6,6,6,65,6,5,5,5,5,5,5,5,5,5,5,5,5,5,5,5,5,5,5,5,5,5,5,5,5,5,5,5,5,5,5,5,5,5,5,5,5,5,5,5,5,5,5,5,5,5,5,5,0,0,0,0,0,0,0
MRSA_jail_150,0,0,0,0,0,0,0,0,0,0,0,0,0,0,0,0,0,0,0,0,0,0,0,0,0,0,0,0,0,0,0,0,0,0,0,0,0,0,0,0,0,0,0,0,0,0,0,0,0,0,0,0,0,0,0,0,0,5,5,5,5,5,5,5,5,5,5,5,5,5,5,5,5,5,5,5,5,5,5,5,5,5,5,5,5,5,5,5,5,5,6,6,6,6,62,5,5,5,5,5,5,5,5,5,5,5,5,5,5,5,5,5,5,5,5,5,6,6,5,5,5,5,5,5,5,5,5,5,5,5,5,5,5,5,5,5,5,5,5,5,5,5,0,0,0,0,0,0,0
MRSA_jail_96,0,0,0,0,0,0,0,0,14,0,0,0,0,0,0,0,0,0,0,0,0,0,0,1,1,0,0,0,0,0,0,0,0,14,11,11,11,0,0,0,0,0,0,0,0,0,1,0,0,0,0,0,0,0,0,0,0,5,5,5,5,5,5,5,5,5,5,5,5,5,5,5,5,5,5,5,5,5,5,5,5,5,5,5,5,5,5,5,5,5,5,5,5,5,5,114,16,7,7,7,7,7,7,7,7,7,7,7,7,7,7,7,7,7,7,7,7,7,7,7,7,5,5,5,5,5,5,5,5,5,5,5,5,5,5,5,5,5,5,5,5,5,0,0,0,0,0,0,0
MRSA_jail_590,0,0,0,0,0,0,0,0,0,0,0,0,0,0,0,0,0,0,0,0,0,0,0,0,0,0,0,0,0,0,1,0,0,1,0,0,0,1,1,1,1,1,1,1,1,0,0,0,0,0,0,0,0,0,0,0,0,5,5,5,5,5,5,5,5,5,5,5,5,5,5,5,5,5,5,5,5,5,5,5,5,5,5,5,5,5,5,5,5,5,5,5,5,5,5,16,103,7,7,7,7,7,7,7,7,7,7,7,7,7,7,7,7,7,7,7,7,7,7,7,7,5,5,5,5,5,5,5,5,5,5,5,5,5,5,5,5,5,5,5,5,5,0,0,0,0,0,0,0
MRSA_jail_114,2,2,2,2,2,2,2,2,2,2,2,2,2,2,2,2,2,2,2,2,2,2,2,2,2,1,1,1,1,1,1,2,2,0,0,0,0,0,0,0,0,0,0,0,0,0,0,1,0,0,0,0,0,0,0,0,0,5,5,5,5,5,5,5,5,6,5,5,5,5,5,5,5,5,5,5,5,5,5,5,5,5,5,5,5,5,5,5,5,5,5,5,5,5,5,7,7,92,7,7,7,7,7,7,7,7,7,7,7,7,7,7,7,7,7,7,7,7,7,7,7,5,5,5,5,5,5,5,5,5,5,5,5,5,5,5,5,5,5,5,5,5,0,0,0,0,0,0,0
MRSA_jail_148,0,0,0,0,0,0,0,0,0,0,0,0,0,0,0,0,0,0,0,0,0,0,0,0,0,0,0,0,0,0,0,0,0,0,0,0,0,0,0,0,0,0,0,0,0,0,1,0,0,0,0,0,0,0,0,0,0,5,5,5,5,5,5,5,5,5,5,5,5,5,5,5,5,5,5,5,5,5,5,5,5,5,5,5,5,5,5,5,5,5,5,5,5,5,5,7,7,7,55,45,46,7,7,7,7,7,7,7,7,7,7,7,7,7,7,7,7,7,7,7,7,5,5,5,5,5,5,5,5,5,5,5,5,5,5,5,5,5,5,5,5,5,0,0,0,0,0,0,0
MRSA_jail_63,0,0,0,0,0,0,0,0,0,0,0,0,0,0,0,0,0,0,0,0,0,0,0,0,0,0,0,0,0,0,0,0,0,0,0,0,0,0,0,0,0,0,0,0,0,0,1,0,0,0,0,0,0,0,0,0,0,5,5,5,5,5,5,5,5,5,5,5,5,5,5,5,5,5,5,5,5,5,5,5,5,5,5,5,5,5,5,5,5,5,5,5,5,5,5,7,7,7,45,54,45,7,7,7,7,7,7,7,7,7,7,7,7,7,7,7,7,7,7,7,7,5,5,5,5,5,5,5,5,5,5,5,5,5,5,5,5,5,5,5,5,5,0,0,0,0,0,0,0
MRSA_jail_1,0,0,0,0,0,0,0,0,0,0,0,0,0,0,0,0,0,0,0,0,0,0,0,0,0,0,0,0,0,0,0,0,0,0,0,0,0,0,0,0,0,0,0,0,0,0,1,0,0,0,0,0,0,0,0,0,0,5,5,5,5,5,5,5,5,5,5,5,5,5,5,5,5,5,5,5,5,5,5,5,5,5,5,5,5,5,5,5,5,5,5,5,5,5,5,7,7,7,46,45,50,7,7,7,7,7,7,7,7,7,7,7,7,7,7,7,7,7,7,7,7,5,5,5,5,5,5,5,5,5,5,5,5,5,5,5,5,5,5,5,5,5,0,0,0,0,0,0,0
