,MRSA_jail_100,MRSA_jail_195,MRSA_jail_37,MRSA_jail_95,MRSA_jail_536,MRSA_jail_282,MRSA_jail_233,MRSA_jail_46,MRSA_jail_581,MRSA_jail_36,MRSA_jail_539,MRSA_jail_128,MRSA_jail_187,MRSA_jail_132,MRSA_jail_543,MRSA_jail_208,MRSA_jail_262,MRSA_jail_535,MRSA_jail_531,MRSA_jail_30,MRSA_jail_284,MRSA_jail_285,MRSA_jail_43,MRSA_jail_537,MRSA_jail_560,MRSA_jail_89,MRSA_jail_213,MRSA_jail_256,MRSA_jail_281,MRSA_jail_60,MRSA_jail_561,MRSA_jail_201,MRSA_jail_251,MRSA_jail_224,MRSA_jail_107,MRSA_jail_152,MRSA_jail_2,MRSA_jail_147,MRSA_jail_164,MRSA_jail_25,MRSA_jail_196,MRSA_jail_47,MRSA_jail_92,MRSA_jail_179,MRSA_jail_40,MRSA_jail_74,MRSA_jail_559,MRSA_jail_230,MRSA_jail_111,MRSA_jail_190,MRSA_jail_525,MRSA_jail_149,MRSA_jail_163,MRSA_jail_86,MRSA_jail_169,MRSA_jail_520,MRSA_jail_77,MRSA_jail_103,MRSA_jail_136,MRSA_jail_205,MRSA_jail_161,MRSA_jail_109,MRSA_jail_118,MRSA_jail_13,MRSA_jail_211,MRSA_jail_225,MRSA_jail_29,MRSA_jail_10,MRSA_jail_231,MRSA_jail_188,MRSA_jail_254,MRSA_jail_234,MRSA_jail_236,MRSA_jail_518,MRSA_jail_261,MRSA_jail_28,MRSA_jail_24,MRSA_jail_174,MRSA_jail_239,MRSA_jail_112,MRSA_jail_19,MRSA_jail_181,MRSA_jail_274,MRSA_jail_170,MRSA_jail_521,MRSA_jail_160,MRSA_jail_268,MRSA_jail_229,MRSA_jail_58,MRSA_jail_59,MRSA_jail_135,MRSA_jail_16,MRSA_jail_155,MRSA_jail_221,MRSA_jail_150,MRSA_jail_96,MRSA_jail_590,MRSA_jail_114,MRSA_jail_148,MRSA_jail_63,MRSA_jail_1,MRSA_jail_157,MRSA_jail_235,MRSA_jail_241,MRSA_jail_258,MRSA_jail_534,MRSA_jail_247,MRSA_jail_582,MRSA_jail_158,MRSA_jail_528,MRSA_jail_61,MRSA_jail_167,MRSA_jail_200,MRSA_jail_557,MRSA_jail_524,MRSA_jail_5,MRSA_jail_156,MRSA_jail_276,MRSA_jail_172,MRSA_jail_80,MRSA_jail_523,MRSA_jail_193,MRSA_jail_139,MRSA_jail_27,MRSA_jail_55,MRSA_jail_283,MRSA_jail_197,MRSA_jail_26,MRSA_jail_569,MRSA_jail_162,MRSA_jail_227,MRSA_jail_145,MRSA_jail_522,MRSA_jail_587,MRSA_jail_87,MRSA_jail_115,MRSA_jail_240,MRSA_jail_214,MRSA_jail_232,MRSA_jail_575,MRSA_jail_218,MRSA_jail_263,MRSA_jail_130,MRSA_jail_209,MRSA_jail_33,MRSA_jail_84,MRSA_jail_591,MRSA_jail_180,MRSA_jail_66
MRSA_jail_100,14406,14377,14378,14381,14380,14378,14316,14328,14325,14116,14104,14160,14161,14163,14157,14099,14158,14154,14151,14099,14144,14141,14125,14157,14157,6596,6673,6670,6672,6672,6561,6232,7312,283,176,175,175,189,189,189,190,189,189,189,189,189,156,58,8,5,5,2,3,2,2,3,1,1,1,1,2,3,3,2,2,2,2,3,4,3,2,1,1,2,1,1,1,1,3,1,1,2,2,1,1,4,2,1,0,0,2,1,1,1,1,1,1,3,1,1,1,1,1,1,1,2,1,1,1,1,2,1,1,1,3,2,1,1,2,1,1,1,1,1,1,1,1,3,1,2,2,3,5,3,4,1,1,1,1,1,1,1,1,1,2,1,1,1,2
MRSA_jail_195,14377,14408,14376,14376,14378,14375,14314,14319,14325,14109,14107,14154,14153,14155,14160,14097,14159,14158,14152,14099,14142,14137,14118,14160,14157,6600,6677,6674,6676,6676,6567,6232,7312,283,176,175,175,189,189,189,190,189,189,189,189,189,156,58,8,5,5,2,3,2,2,3,1,1,1,1,2,3,3,2,2,2,2,3,4,3,2,1,1,2,1,1,1,1,3,1,1,2,2,1,1,4,2,1,0,0,2,1,1,1,1,1,1,3,1,1,1,1,1,1,1,2,1,1,1,1,2,1,1,1,3,2,1,1,2,1,1,1,1,1,1,1,1,3,1,2,2,3,5,3,4,1,1,1,1,1,1,1,1,1,2,1,1,1,2
MRSA_jail_37,14378,14376,14399,14390,14393,14378,14319,14320,14326,14110,14105,14155,14155,14156,14158,14098,14157,14155,14152,14100,14145,14140,14117,14157,14158,6597,6674,6673,6673,6673,6562,6235,7316,283,176,175,175,189,189,189,190,189,189,189,189,189,156,58,8,5,5,2,3,2,2,3,1,1,1,1,2,3,3,2,2,2,2,3,4,3,2,1,1,2,1,1,1,1,3,1,1,2,2,1,1,4,2,1,0,0,2,1,1,1,1,1,1,3,1,1,1,1,1,1,1,2,1,1,1,1,2,1,1,1,3,2,1,1,2,1,1,1,1,1,1,1,1,3,1,2,2,3,5,3,4,1,1,1,1,1,1,1,1,1,2,1,1,1,2
MRSA_jail_95,14381,14376,14390,14399,14392,14375,14317,14323,14324,14113,14106,14157,14157,14158,14156,14098,14157,14153,14150,14101,14143,14138,14121,14156,14156,6597,6674,6671,6673,6674,6560,6234,7314,283,176,175,175,189,189,189,190,189,189,189,189,189,156,58,8,5,5,2,3,2,2,3,1,1,1,1,2,3,3,2,2,2,2,3,4,3,2,1,1,2,1,1,1,1,3,1,1,2,2,1,1,4,2,1,0,0,2,1,1,1,1,1,1,3,1,1,1,1,1,1,1,2,1,1,1,1,2,1,1,1,3,2,1,1,2,1,1,1,1,1,1,1,1,3,1,2,2,3,5,3,4,1,1,1,1,1,1,1,1,1,2,1,1,1,2
MRSA_jail_536,14380,14378,14393,14392,14404,14378,14318,14323,14328,14111,14109,14158,14157,14159,14159,14101,14160,14156,14154,14101,14145,14140,14119,14161,14159,6599,6676,6675,6675,6674,6564,6236,7316,283,176,175,175,189,189,189,190,189,189,189,189,189,156,58,8,5,5,2,3,2,2,3,1,1,1,1,2,3,3,2,2,2,2,3,4,3,2,1,1,2,1,1,1,1,3,1,1,2,2,1,1,4,2,1,0,0,2,1,1,1,1,1,1,3,1,1,1,1,1,1,1,2,1,1,1,1,2,1,1,1,3,2,1,1,2,1,1,1,1,1,1,1,1,3,1,2,2,3,5,3,4,1,1,1,1,1,1,1,1,1,2,1,1,1,2
MRSA_jail_282,14378,14375,14378,14375,14378,14396,14315,14321,14324,14111,14104,14156,14156,14158,14157,14099,14158,14153,14151,14098,14145,14141,14118,14157,14157,6597,6674,6673,6673,6673,6562,6234,7314,283,176,175,175,189,189,189,190,189,189,189,189,189,156,58,8,5,5,2,3,2,2,3,1,1,1,1,2,3,3,2,2,2,2,3,4,3,2,1,1,2,1,1,1,1,3,1,1,2,2,1,1,4,2,1,0,0,2,1,1,1,1,1,1,3,1,1,1,1,1,1,1,2,1,1,1,1,2,1,1,1,3,2,1,1,2,1,1,1,1,1,1,1,1,3,1,2,2,3,5,3,4,1,1,1,1,1,1,1,1,1,2,1,1,1,2
MRSA_jail_233,14316,14314,14319,14317,14318,14315,14329,14317,14321,14048,14049,14094,14094,14095,14096,14036,14095,14094,14091,14097,14084,14079,14056,14096,14096,6596,6627,6626,6626,6626,6552,6191,7272,283,176,175,175,189,189,189,190,189,189,189,189,189,156,58,8,5,5,2,3,2,2,3,1,1,1,1,2,3,3,2,2,2,2,3,4,3,2,1,1,2,1,1,1,1,3,1,1,2,2,1,1,4,2,1,0,0,2,1,1,1,1,1,1,3,1,1,1,1,1,1,1,2,1,1,1,1,2,1,1,1,3,2,1,1,2,1,1,1,1,1,1,1,1,3,1,2,2,3,5,3,4,1,1,1,1,1,1,1,1,1,2,1,1,1,2
MRSA_jail_46,14328,14319,14320,14323,14323,14321,14317,14342,14324,14058,14049,14102,14103,14105,14100,14043,14102,14097,14094,14097,14087,14084,14068,14101,14100,6596,6627,6624,6626,6626,6554,6188,7267,283,176,175,175,189,189,189,190,189,189,189,189,189,156,58,8,5,5,2,3,2,2,3,1,1,1,1,2,3,3,2,2,2,2,3,4,3,2,1,1,2,1,1,1,1,3,1,1,2,2,1,1,4,2,1,0,0,2,1,1,1,1,1,1,3,1,1,1,1,1,1,1,2,1,1,1,1,2,1,1,1,3,2,1,1,2,1,1,1,1,1,1,1,1,3,1,2,2,3,5,3,4,1,1,1,1,1,1,1,1,1,2,1,1,1,2
MRSA_jail_581,14325,14325,14326,14324,14328,14324,14321,14324,14487,14058,14054,14104,14103,14105,14106,14046,14105,14103,14101,14103,14092,14087,14065,14106,14106,6599,6630,6629,6629,6628,6558,6191,7272,425,250,249,249,189,189,189,190,189,189,189,189,189,156,58,8,5,5,2,3,2,2,3,1,1,1,1,2,3,3,2,2,2,2,3,4,3,2,1,1,2,1,1,2,1,3,1,1,2,2,1,1,4,2,1,0,0,2,6,1,1,1,15,1,3,1,1,1,1,1,1,1,2,1,1,1,1,2,1,1,1,3,2,1,1,2,1,1,1,1,1,1,1,1,3,1,2,2,3,5,3,4,1,1,1,1,1,1,1,1,1,2,1,1,1,2
MRSA_jail_36,14116,14109,14110,14113,14111,14111,14048,14058,14058,14250,14193,13997,13998,13999,13995,13937,13996,13992,13989,13937,13969,13967,13952,13978,13978,6541,6619,6615,6617,6617,6463,6140,7232,274,177,176,176,186,186,186,187,186,186,186,186,186,154,72,8,5,5,2,3,2,3,3,1,1,1,1,2,3,3,2,2,2,2,3,4,3,2,1,1,2,1,1,1,1,3,1,1,2,2,1,1,4,2,1,0,0,2,1,1,1,1,1,1,3,1,1,1,1,1,1,1,2,1,1,1,1,2,1,1,1,3,2,1,1,2,1,1,1,1,1,1,1,1,3,1,2,2,3,5,3,4,1,1,1,1,1,1,1,1,1,2,1,1,1,2
MRSA_jail_539,14104,14107,14105,14106,14109,14104,14049,14049,14054,14193,14262,13991,13989,13991,13995,13933,13995,13992,13987,13937,13964,13960,13941,13979,13975,6544,6622,6620,6620,6620,6463,6143,7235,274,177,176,176,186,186,186,187,186,186,186,186,186,154,72,8,5,5,2,3,2,3,3,1,1,1,1,2,3,3,2,2,2,2,3,4,3,2,1,1,2,1,1,1,1,3,1,1,2,2,1,1,4,2,1,0,0,2,1,1,1,1,1,1,3,1,1,1,1,1,1,1,2,1,1,1,1,2,1,1,1,3,2,1,1,2,1,1,1,1,1,1,1,1,3,1,2,2,3,5,3,4,1,1,1,1,1,1,1,1,1,2,1,1,1,2
MRSA_jail_128,14160,14154,14155,14157,14158,14156,14094,14102,14104,13997,13991,14472,14412,14414,14410,14352,14411,14407,14408,14349,14179,14174,14155,14244,14244,6612,6689,6688,6688,6689,6574,6275,7337,331,187,186,186,200,200,200,201,200,200,200,200,200,196,76,8,5,6,2,3,2,2,4,1,1,1,1,2,3,3,2,2,2,2,3,4,3,2,1,1,2,1,1,1,1,3,1,1,2,2,1,1,4,2,1,0,0,2,1,1,1,1,1,1,3,1,1,1,1,1,1,1,2,1,1,1,1,2,1,1,1,3,2,1,1,2,1,1,1,1,1,1,1,1,3,1,2,2,3,5,3,4,1,1,1,1,1,1,1,1,1,2,1,1,1,2
MRSA_jail_187,14161,14153,14155,14157,14157,14156,14094,14103,14103,13998,13989,14412,14485,14414,14409,14352,14410,14407,14403,14349,14178,14175,14156,14243,14244,6609,6686,6685,6685,6686,6572,6273,7335,331,187,186,186,200,200,200,201,200,200,200,200,200,196,76,8,5,5,2,3,2,2,3,1,1,1,1,2,3,3,2,2,2,2,3,4,3,2,1,1,2,1,1,1,1,3,1,1,2,2,1,1,4,2,1,0,0,2,1,1,1,1,1,1,3,1,1,1,1,1,1,1,2,1,1,1,1,2,1,1,1,3,2,1,1,2,1,1,1,1,1,1,1,1,3,1,2,2,3,5,3,4,1,1,1,1,1,1,1,1,1,2,1,1,1,3
MRSA_jail_132,14163,14155,14156,14158,14159,14158,14095,14105,14105,13999,13991,14414,14414,14516,14431,14368,14428,14407,14405,14350,14180,14177,14158,14245,14245,6610,6687,6686,6686,6687,6573,6274,7336,331,187,186,186,200,200,200,201,200,200,200,200,200,196,76,8,5,5,2,3,2,2,3,1,1,1,1,2,3,3,2,2,2,2,3,4,3,2,1,1,2,1,1,1,1,3,1,1,2,2,1,1,4,2,1,0,0,2,1,1,1,1,1,1,3,1,1,1,1,1,1,1,2,1,1,1,1,2,1,1,1,3,2,1,1,2,1,1,1,1,1,1,1,1,3,1,2,2,3,5,3,4,1,1,1,1,1,1,1,1,1,2,1,1,1,2
MRSA_jail_543,14157,14160,14158,14156,14159,14157,14096,14100,14106,13995,13995,14410,14409,14431,14500,14368,14431,14412,14410,14352,14180,14174,14153,14252,14250,6613,6690,6689,6689,6690,6578,6274,7337,331,187,186,186,200,200,200,201,200,200,200,200,200,196,76,8,5,5,2,3,2,2,3,1,1,1,1,2,3,3,2,2,2,2,3,4,3,2,1,1,2,1,1,1,1,3,1,1,2,2,1,1,4,2,1,0,0,2,1,1,1,1,1,1,3,1,1,1,1,1,1,1,2,1,1,1,1,2,1,1,1,3,2,1,1,2,1,1,1,1,1,1,1,1,3,1,2,2,3,5,3,4,1,1,1,1,1,1,1,1,1,2,1,1,1,2
MRSA_jail_208,14099,14097,14098,14098,14101,14099,14036,14043,14046,13937,13933,14352,14352,14368,14368,14427,14371,14349,14347,14292,14123,14118,14095,14188,14188,6559,6636,6635,6635,6636,6537,6222,7284,331,187,186,186,200,200,200,201,200,200,201,201,200,196,76,8,5,5,2,3,2,2,3,1,1,1,1,2,3,3,2,2,2,2,3,4,3,2,1,1,2,1,1,1,1,3,1,1,2,2,1,1,4,2,1,0,0,2,1,1,1,1,1,1,3,1,1,1,1,1,1,1,2,1,1,1,1,2,1,1,1,3,2,1,1,2,1,1,1,1,1,1,1,1,3,1,2,2,3,5,3,4,1,1,1,1,1,1,1,1,1,2,1,1,1,2
MRSA_jail_262,14158,14159,14157,14157,14160,14158,14095,14102,14105,13996,13995,14411,14410,14428,14431,14371,14485,14411,14406,14351,14180,14175,14154,14250,14246,6613,6690,6689,6689,6690,6577,6274,7336,330,186,185,185,199,199,199,200,199,199,199,199,199,196,76,8,5,5,2,3,2,2,3,1,1,1,1,2,3,3,2,2,2,2,3,4,3,2,1,1,2,1,1,1,1,3,1,1,2,2,1,1,4,2,1,0,0,2,1,1,1,1,1,1,3,1,1,1,1,1,1,1,2,1,1,1,1,2,1,1,1,3,2,1,1,2,1,1,1,1,1,1,1,1,3,1,2,2,3,5,3,4,1,1,1,1,1,1,1,1,1,2,1,1,1,2
MRSA_jail_535,14154,14158,14155,14153,14156,14153,14094,14097,14103,13992,13992,14407,14407,14407,14412,14349,14411,14482,14404,14350,14176,14170,14150,14246,14243,6611,6688,6687,6687,6688,6576,6274,7337,331,187,186,186,200,200,200,201,200,200,200,200,200,196,76,8,5,5,2,3,2,2,3,1,1,1,1,2,3,3,2,2,2,2,3,4,3,2,1,1,2,1,1,1,1,3,1,1,2,2,1,1,4,2,1,0,0,2,1,1,1,1,1,1,3,1,1,1,1,1,1,1,2,1,1,1,1,2,1,1,1,3,2,1,1,2,1,1,1,1,1,1,1,1,3,1,2,2,3,5,3,4,1,1,1,1,1,1,1,1,1,2,1,1,1,2
MRSA_jail_531,14151,14152,14152,14150,14154,14151,14091,14094,14101,13989,13987,14408,14403,14405,14410,14347,14406,14404,14453,14347,14174,14168,14147,14244,14244,6611,6688,6687,6687,6688,6574,6272,7335,331,187,186,186,200,200,200,201,200,200,200,200,200,196,76,8,5,5,2,3,2,2,3,1,1,1,1,2,3,3,2,2,2,2,3,4,3,2,1,1,2,1,1,1,1,3,1,1,2,2,1,1,4,2,1,0,0,2,1,1,1,1,1,1,3,1,1,1,2,2,2,1,2,1,1,1,1,2,1,1,1,2,2,1,1,2,1,1,1,1,1,1,1,1,3,1,2,2,3,5,3,4,1,1,1,1,1,1,1,1,1,2,1,1,1,2
MRSA_jail_30,14099,14099,14100,14101,14101,14098,14097,14097,14103,13937,13937,14349,14349,14350,14352,14292,14351,14350,14347,14450,14121,14115,14095,14188,14188,6611,6642,6641,6641,6642,6566,6230,7292,331,187,186,186,200,200,200,201,200,200,200,200,200,196,76,8,5,5,2,3,2,2,3,1,1,1,1,2,3,3,2,2,2,2,3,4,3,2,1,1,2,1,1,1,1,3,1,1,2,2,1,1,4,2,1,0,0,2,1,1,1,1,1,1,3,1,1,1,1,1,1,1,2,1,1,1,1,2,1,1,1,3,2,1,1,2,1,1,1,1,1,1,1,1,3,1,2,2,3,5,3,4,1,1,1,1,1,1,1,1,1,2,1,1,1,2
MRSA_jail_284,14144,14142,14145,14143,14145,14145,14084,14087,14092,13969,13964,14179,14178,14180,14180,14123,14180,14176,14174,14121,14427,14421,14183,14210,14211,6658,6692,6690,6690,6689,6571,6228,7336,269,176,175,175,179,179,179,180,179,179,179,179,179,152,83,8,5,5,2,3,2,2,3,1,1,1,1,2,3,3,2,2,2,2,3,4,3,2,1,1,2,1,1,1,1,3,1,1,2,2,1,1,3,2,1,0,0,2,1,1,2,1,1,1,3,1,1,1,1,1,1,1,2,1,1,1,1,2,1,1,1,3,2,1,1,2,1,1,1,1,1,1,1,1,3,1,2,2,3,5,3,4,1,1,1,1,1,1,1,1,1,2,1,1,1,2
MRSA_jail_285,14141,14137,14140,14138,14140,14141,14079,14084,14087,13967,13960,14174,14175,14177,14174,14118,14175,14170,14168,14115,14421,14422,14183,14205,14205,6656,6688,6686,6688,6685,6567,6224,7331,269,176,175,175,179,179,179,180,179,179,179,179,179,152,83,8,5,5,2,3,2,2,3,1,1,1,1,2,3,3,2,2,2,2,3,4,3,2,1,1,2,1,1,1,1,3,1,1,2,2,1,1,3,2,1,0,0,2,1,1,2,1,1,1,3,1,1,1,1,1,1,1,2,1,1,1,1,2,1,1,1,3,2,1,1,2,1,1,1,1,1,1,1,1,3,1,2,2,3,5,3,4,1,1,1,1,1,1,1,1,1,2,1,1,1,2
MRSA_jail_43,14125,14118,14117,14121,14119,14118,14056,14068,14065,13952,13941,14155,14156,14158,14153,14095,14154,14150,14147,14095,14183,14183,14385,14184,14184,6593,6669,6665,6669,6667,6552,6213,7322,269,176,175,175,179,179,179,180,179,179,179,179,179,151,58,8,5,5,2,3,2,3,3,1,1,1,1,2,3,3,2,2,2,2,3,4,3,2,1,1,2,1,1,1,1,3,1,1,2,2,1,1,3,2,1,0,0,2,1,1,1,1,1,1,3,1,1,1,1,1,1,1,2,1,1,1,1,2,1,1,1,3,2,1,1,2,1,1,1,1,1,1,1,1,3,1,2,2,3,5,3,4,1,1,1,1,1,1,1,1,1,2,1,1,1,2
MRSA_jail_537,14157,14160,14157,14156,14161,14157,14096,14101,14106,13978,13979,14244,14243,14245,14252,14188,14250,14246,14244,14188,14210,14205,14184,14639,14511,6616,6694,6692,6692,6692,6579,6299,7353,370,227,226,226,192,192,192,193,192,192,192,192,192,217,63,8,5,5,2,3,2,2,4,1,1,1,1,2,4,4,3,3,3,3,4,5,4,3,2,2,3,2,2,2,2,4,2,2,3,3,2,2,3,2,1,0,0,2,1,1,1,1,2,1,3,1,1,1,1,1,1,1,3,1,1,1,1,2,1,1,1,3,3,1,1,2,1,1,1,1,1,1,1,1,3,1,2,2,3,5,3,4,1,1,1,1,1,1,1,2,2,2,1,1,1,2
MRSA_jail_560,14157,14157,14158,14156,14159,14157,14096,14100,14106,13978,13975,14244,14244,14245,14250,14188,14246,14243,14244,14188,14211,14205,14184,14511,14701,6616,6694,6692,6692,6692,6577,6300,7355,370,227,226,226,192,192,192,193,192,192,192,192,193,218,63,8,5,5,2,3,2,2,3,1,1,1,1,2,4,4,3,3,3,3,4,5,4,3,2,2,3,2,2,2,2,4,2,2,3,3,2,2,3,2,1,0,0,2,1,1,1,1,2,1,3,1,1,1,1,1,1,1,3,1,1,1,1,2,1,2,2,3,2,1,1,2,1,1,1,1,1,1,1,1,3,1,2,2,3,5,3,4,1,1,1,1,2,1,1,2,2,2,1,1,1,2
MRSA_jail_89,6596,6600,6597,6597,6599,6597,6596,6596,6599,6541,6544,6612,6609,6610,6613,6559,6613,6611,6611,6611,6658,6656,6593,6616,6616,13974,13740,13638,13667,13663,7079,6502,6432,268,175,174,174,178,178,178,178,178,178,177,178,177,153,86,7,5,5,2,2,1,1,3,1,1,1,1,2,1,1,1,1,1,1,2,3,1,1,1,1,1,2,1,1,1,2,1,1,3,2,1,3,1,1,1,0,0,1,1,3,1,1,1,1,2,1,1,1,2,2,2,2,2,2,3,3,2,1,1,1,1,2,2,1,1,1,1,1,1,1,1,1,1,1,1,1,1,1,2,2,2,3,1,1,1,1,1,1,1,2,2,2,1,1,1,1
MRSA_jail_213,6673,6677,6674,6674,6676,6674,6627,6627,6630,6619,6622,6689,6686,6687,6690,6636,6690,6688,6688,6642,6692,6688,6669,6694,6694,13740,13989,13749,13778,13771,7111,6576,6521,268,175,174,174,178,178,178,178,178,177,177,178,177,153,61,7,5,5,2,2,1,1,3,1,2,1,1,2,1,1,1,1,1,1,2,3,1,1,1,1,1,2,1,1,1,3,1,1,3,2,1,3,1,1,1,0,0,1,1,3,1,1,1,1,2,1,1,1,2,2,2,2,2,2,3,3,2,1,1,1,1,2,2,1,1,1,1,1,1,1,1,1,1,1,1,1,1,1,2,2,2,3,1,1,1,1,1,1,1,2,2,2,1,1,1,1
MRSA_jail_256,6670,6674,6673,6671,6675,6673,6626,6624,6629,6615,6620,6688,6685,6686,6689,6635,6689,6687,6687,6641,6690,6686,6665,6692,6692,13638,13749,13999,13921,13917,7096,6560,6513,267,174,173,173,177,177,177,177,177,176,176,177,176,152,60,7,5,5,2,2,1,1,3,1,2,1,1,2,1,1,1,1,1,1,2,3,1,1,1,1,1,2,1,1,1,3,1,1,3,2,1,3,1,1,1,0,0,1,1,3,1,1,1,1,2,1,1,1,2,2,2,2,2,2,3,3,2,1,1,1,1,2,2,1,1,1,1,1,1,1,1,1,1,1,1,1,1,1,2,2,2,3,1,1,1,1,1,1,1,2,2,2,1,1,1,1
MRSA_jail_281,6672,6676,6673,6673,6675,6673,6626,6626,6629,6617,6620,6688,6685,6686,6689,6635,6689,6687,6687,6641,6690,6688,6669,6692,6692,13667,13778,13921,13999,13941,7111,6576,6515,267,174,173,173,177,177,177,177,177,176,176,177,176,152,60,7,5,5,2,2,1,1,3,1,2,1,1,2,1,2,1,1,1,1,2,3,1,1,1,1,1,2,1,1,1,3,1,1,3,2,1,3,1,1,1,0,0,1,1,3,1,1,1,1,2,1,1,1,2,2,2,2,2,2,3,3,2,1,1,1,1,2,2,1,1,2,1,1,1,1,1,1,1,1,1,1,1,1,2,2,2,3,1,1,1,1,1,1,1,2,2,2,1,1,1,1
MRSA_jail_60,6672,6676,6673,6674,6674,6673,6626,6626,6628,6617,6620,6689,6686,6687,6690,6636,6690,6688,6688,6642,6689,6685,6667,6692,6692,13663,13771,13917,13941,14019,7112,6580,6512,267,174,173,173,177,177,177,177,177,176,176,177,176,152,60,7,5,5,2,2,1,1,3,1,2,1,1,2,1,1,1,1,1,1,2,3,1,1,1,1,1,2,1,1,1,3,1,1,3,2,1,3,1,1,1,0,0,1,1,3,1,1,1,1,2,1,1,1,2,2,2,2,2,2,3,3,2,1,1,1,1,2,2,1,1,1,1,1,1,1,1,1,1,1,1,1,1,1,2,2,2,3,1,1,1,1,1,1,1,2,2,2,1,1,1,1
MRSA_jail_561,6561,6567,6562,6560,6564,6562,6552,6554,6558,6463,6463,6574,6572,6573,6578,6537,6577,6576,6574,6566,6571,6567,6552,6579,6577,7079,7111,7096,7111,7112,14378,6550,6516,266,175,174,174,178,178,178,178,178,178,178,179,179,152,59,7,5,5,2,2,1,1,2,1,2,1,1,2,1,1,2,1,1,1,2,3,1,1,1,1,1,1,1,1,1,2,1,1,1,2,1,2,1,1,1,0,0,1,1,2,1,1,1,2,2,1,1,1,2,2,2,2,2,2,3,1,1,1,1,1,1,3,3,2,1,1,1,1,1,1,1,1,1,1,1,1,1,1,3,2,3,3,1,1,1,1,2,1,1,1,1,2,1,1,1,3
MRSA_jail_201,6232,6232,6235,6234,6236,6234,6191,6188,6191,6140,6143,6275,6273,6274,6274,6222,6274,6274,6272,6230,6228,6224,6213,6299,6300,6502,6576,6560,6576,6580,6550,14189,11774,359,196,195,195,187,187,187,187,187,187,187,187,188,182,70,8,5,5,3,1,1,1,2,1,1,1,1,2,2,2,2,1,1,1,2,3,3,4,1,1,1,1,1,2,2,2,1,1,2,2,2,2,2,2,1,0,0,1,1,2,1,1,1,1,3,1,1,1,2,2,2,2,3,4,2,2,3,2,1,1,1,1,1,2,1,2,3,1,2,1,1,1,2,1,1,1,1,1,2,2,2,3,1,1,1,1,3,1,1,3,3,1,1,1,1,3
MRSA_jail_251,7312,7312,7316,7314,7316,7314,7272,7267,7272,7232,7235,7337,7335,7336,7337,7284,7336,7337,7335,7292,7336,7331,7322,7353,7355,6432,6521,6513,6515,6512,6516,11774,14173,280,173,172,172,175,175,175,175,175,175,175,175,176,164,56,7,6,5,3,1,1,1,2,1,1,1,1,2,2,2,3,2,2,2,3,4,5,2,2,2,2,2,2,3,3,3,2,2,3,4,3,3,2,2,1,0,0,1,1,2,1,1,1,1,3,1,1,1,2,2,2,2,4,3,3,2,1,1,1,1,1,1,1,2,1,2,1,1,3,2,1,1,1,1,2,2,1,1,3,2,2,3,1,1,1,1,2,1,1,2,2,1,1,1,2,3
MRSA_jail_224,283,283,283,283,283,283,283,283,425,274,274,331,331,331,331,331,330,331,331,331,269,269,269,370,370,268,268,267,267,267,266,359,280,964,271,271,271,189,189,189,189,189,189,189,189,188,293,72,6,5,5,2,1,1,1,1,1,1,1,1,1,1,1,1,1,1,1,1,1,1,1,1,1,1,1,1,2,1,1,1,1,1,1,1,1,1,1,1,0,0,1,6,1,1,1,15,2,1,1,1,1,1,1,1,1,1,1,1,1,1,1,1,1,1,1,1,1,2,1,1,1,1,1,1,1,1,1,1,1,1,1,1,1,1,1,1,1,1,1,1,1,1,1,1,1,1,1,1,1
MRSA_jail_107,176,176,176,176,176,176,176,176,250,177,177,187,187,187,187,187,186,187,187,187,176,176,176,227,227,175,175,174,174,174,175,196,173,271,703,653,653,278,278,278,278,278,278,278,278,278,149,60,6,5,5,2,1,1,1,1,1,1,1,1,1,2,2,2,2,2,2,2,2,2,2,2,2,2,2,2,3,3,2,2,2,2,2,2,2,1,1,1,0,0,1,10,1,1,1,11,1,1,1,1,1,1,1,1,1,2,1,1,1,1,1,1,1,1,1,1,1,1,1,1,1,1,1,1,1,1,1,1,1,1,1,1,1,1,1,1,1,1,1,1,2,2,2,2,2,1,1,1,1
MRSA_jail_152,175,175,175,175,175,175,175,175,249,176,176,186,186,186,186,186,185,186,186,186,175,175,175,226,226,174,174,173,173,173,174,195,172,271,653,709,677,278,278,278,278,278,278,278,278,278,149,60,6,5,5,2,1,1,1,1,1,1,1,1,1,2,2,2,2,2,2,2,2,2,2,2,2,2,2,2,3,3,2,2,2,2,2,2,2,1,1,1,0,0,1,10,1,1,1,11,1,1,1,1,1,1,1,1,1,2,1,1,1,1,1,1,1,1,1,1,1,1,1,1,1,1,1,1,1,1,1,1,1,1,1,1,1,1,1,1,1,1,1,1,2,2,2,2,2,1,1,1,1
MRSA_jail_2,175,175,175,175,175,175,175,175,249,176,176,186,186,186,186,186,185,186,186,186,175,175,175,226,226,174,174,173,173,173,174,195,172,271,653,677,691,278,278,278,278,278,278,278,278,278,149,60,6,5,5,2,1,1,1,1,1,1,1,1,1,2,2,2,2,2,2,2,2,2,2,2,2,2,2,2,3,3,2,2,2,2,2,2,2,1,1,1,0,0,1,10,1,1,1,11,1,1,1,1,1,1,1,1,1,2,1,1,1,1,1,1,1,1,1,1,1,1,1,1,1,1,1,1,1,1,1,1,1,1,1,1,1,1,1,1,1,1,1,1,2,2,2,2,2,1,1,1,1
MRSA_jail_147,189,189,189,189,189,189,189,189,189,186,186,200,200,200,200,200,199,200,200,200,179,179,179,192,192,178,178,177,177,177,178,187,175,189,278,278,278,498,489,489,489,489,436,435,435,430,153,59,6,5,5,2,1,1,1,1,1,1,1,1,1,2,2,2,2,2,2,2,2,2,2,2,2,2,2,2,2,2,2,2,2,2,2,2,3,1,1,1,0,0,1,1,1,1,1,1,2,1,1,1,1,2,2,2,2,3,2,2,2,1,1,1,1,1,1,1,1,1,1,1,1,1,1,1,1,1,1,1,1,1,1,1,1,1,1,1,1,1,1,1,2,2,2,2,1,1,1,1,1
MRSA_jail_164,189,189,189,189,189,189,189,189,189,186,186,200,200,200,200,200,199,200,200,200,179,179,179,192,192,178,178,177,177,177,178,187,175,189,278,278,278,489,502,491,489,489,436,435,435,430,153,59,6,5,5,2,1,1,1,1,1,1,1,1,1,2,2,2,2,2,2,2,2,2,2,2,2,2,2,2,2,2,2,2,2,2,2,2,3,1,1,1,0,0,1,1,1,1,1,1,2,1,1,1,1,2,2,2,2,3,2,2,1,1,1,1,1,1,1,1,1,1,1,1,1,1,1,1,1,1,1,1,1,1,1,1,1,1,1,1,1,1,1,1,2,2,2,2,1,1,1,1,1
MRSA_jail_25,189,189,189,189,189,189,189,189,189,186,186,200,200,200,200,200,199,200,200,200,179,179,179,192,192,178,178,177,177,177,178,187,175,189,278,278,278,489,491,495,489,489,436,435,435,430,153,59,6,5,5,2,1,1,1,1,1,1,1,1,1,2,2,2,2,2,2,2,2,2,2,2,2,2,2,2,2,2,2,2,2,2,2,2,3,1,1,1,0,0,1,1,1,1,1,1,2,1,1,1,1,2,2,2,2,3,2,2,1,1,1,1,1,1,1,1,1,1,1,1,1,1,1,1,1,1,1,1,1,1,1,1,1,1,1,1,1,1,1,1,2,2,2,2,1,1,1,1,1
MRSA_jail_196,190,190,190,190,190,190,190,190,190,187,187,201,201,201,201,201,200,201,201,201,180,180,180,193,193,178,178,177,177,177,178,187,175,189,278,278,278,489,489,489,500,489,436,435,435,430,153,59,6,5,5,2,1,1,1,1,1,1,1,1,1,2,2,2,2,2,2,2,2,2,2,2,2,2,2,2,2,2,2,2,2,2,2,2,3,1,1,1,0,0,1,1,1,1,1,1,2,1,1,1,1,2,2,2,2,3,2,2,1,1,1,1,1,1,1,1,1,1,1,1,1,1,1,1,1,1,1,1,1,1,1,1,1,1,1,1,1,1,1,1,2,2,2,2,1,1,1,1,1
MRSA_jail_47,189,189,189,189,189,189,189,189,189,186,186,200,200,200,200,200,199,200,200,200,179,179,179,192,192,178,178,177,177,177,178,187,175,189,278,278,278,489,489,489,489,494,436,435,435,430,153,59,6,5,5,2,1,1,1,1,1,1,1,1,1,2,2,2,2,2,2,2,2,2,2,2,2,2,2,2,2,2,2,2,2,2,2,2,3,1,1,1,0,0,1,1,1,1,1,1,2,1,1,1,1,2,2,2,2,3,2,2,1,1,1,1,1,1,1,1,1,1,1,1,1,1,1,1,1,1,1,1,1,1,1,1,1,1,1,1,1,1,1,1,2,2,2,2,1,1,1,1,1
MRSA_jail_92,189,189,189,189,189,189,189,189,189,186,186,200,200,200,200,200,199,200,200,200,179,179,179,192,192,178,177,176,176,176,178,187,175,189,278,278,278,436,436,436,436,436,516,435,435,430,153,59,6,5,5,2,1,1,1,1,1,1,1,1,1,2,2,2,2,2,2,2,2,2,2,2,2,2,2,2,2,2,2,2,2,2,2,2,3,1,1,1,0,0,1,1,1,1,1,1,2,1,1,1,1,2,2,2,2,3,2,2,1,1,1,1,1,1,1,1,1,1,1,1,1,1,1,1,1,1,1,1,1,1,1,1,1,1,1,1,1,1,1,1,2,2,2,2,1,1,1,1,1
MRSA_jail_179,189,189,189,189,189,189,189,189,189,186,186,200,200,200,200,201,199,200,200,200,179,179,179,192,192,177,177,176,176,176,178,187,175,189,278,278,278,435,435,435,435,435,435,492,460,430,153,59,6,5,5,2,1,1,1,1,1,1,1,1,1,2,2,2,2,2,2,2,2,2,2,2,2,2,2,2,2,2,2,2,2,2,2,2,3,1,1,1,0,0,1,1,1,1,1,1,2,1,1,1,1,2,2,2,2,3,2,2,1,1,1,1,1,1,1,1,1,1,1,1,1,1,1,1,1,1,1,1,1,1,1,1,1,1,1,1,1,1,1,1,2,2,2,2,1,1,1,1,1
MRSA_jail_40,189,189,189,189,189,189,189,189,189,186,186,200,200,200,200,201,199,200,200,200,179,179,179,192,192,178,178,177,177,177,179,187,175,189,278,278,278,435,435,435,435,435,435,460,489,430,153,59,6,5,5,2,1,1,1,1,1,1,1,1,1,2,2,2,2,2,2,2,2,2,2,2,2,2,2,2,2,2,2,2,2,2,2,2,3,1,1,1,0,0,1,1,1,1,1,1,2,1,1,1,1,2,2,2,2,3,2,2,1,1,1,1,1,1,1,1,1,1,1,1,1,1,1,1,1,1,1,1,1,1,1,1,1,1,1,2,1,1,1,1,2,2,2,2,1,1,1,2,1
MRSA_jail_74,189,189,189,189,189,189,189,189,189,186,186,200,200,200,200,200,199,200,200,200,179,179,179,192,193,177,177,176,176,176,179,188,176,188,278,278,278,430,430,430,430,430,430,430,430,502,153,59,6,5,5,2,1,1,1,1,1,1,1,1,1,2,2,2,2,2,2,2,2,2,2,2,2,2,2,2,2,2,2,2,2,2,2,2,3,1,1,1,0,0,1,1,1,1,1,1,1,1,1,1,1,2,2,2,2,3,2,2,1,1,1,1,1,1,1,1,1,1,1,1,1,1,1,1,1,1,1,1,1,1,1,1,1,1,1,1,1,1,1,1,2,2,2,2,1,1,1,1,1
MRSA_jail_559,156,156,156,156,156,156,156,156,156,154,154,196,196,196,196,196,196,196,196,196,152,152,151,217,218,153,153,152,152,152,152,182,164,293,149,149,149,153,153,153,153,153,153,153,153,153,625,62,6,5,5,2,1,1,1,1,1,1,1,1,1,1,1,1,1,1,1,1,1,1,1,1,1,1,1,1,1,1,1,1,1,1,1,1,1,1,1,1,0,0,1,1,1,1,1,2,1,1,2,2,2,1,1,1,1,1,1,1,1,1,1,1,2,2,1,1,1,2,1,1,1,1,2,2,2,2,1,1,1,1,1,1,1,1,1,1,1,1,1,1,1,1,1,1,1,1,1,2,1
MRSA_jail_230,58,58,58,58,58,58,58,58,58,72,72,76,76,76,76,76,76,76,76,76,83,83,58,63,63,86,61,60,60,60,59,70,56,72,60,60,60,59,59,59,59,59,59,59,59,59,62,267,6,5,5,2,1,1,1,1,1,1,1,1,1,1,1,1,1,1,1,1,1,1,1,1,1,1,1,1,1,1,1,1,1,1,1,2,1,1,1,1,0,0,1,1,1,1,1,1,1,2,1,1,1,1,1,1,1,1,1,1,1,1,1,1,1,1,1,1,1,1,1,1,1,1,1,1,1,1,1,1,1,1,1,1,1,1,1,1,1,1,1,1,1,1,1,1,1,1,1,1,1
MRSA_jail_111,8,8,8,8,8,8,8,8,8,8,8,8,8,8,8,8,8,8,8,8,8,8,8,8,8,7,7,7,7,7,7,8,7,6,6,6,6,6,6,6,6,6,6,6,6,6,6,6,107,5,5,2,1,1,1,1,1,1,1,1,1,1,1,1,1,1,1,1,1,1,1,1,1,1,1,1,1,1,1,1,1,1,1,1,1,1,1,1,0,0,1,1,1,1,1,1,1,1,1,1,1,1,1,1,1,1,1,1,1,1,1,1,1,1,1,1,1,1,1,1,1,1,1,1,1,1,1,1,1,1,1,1,1,1,1,1,1,1,1,1,1,1,1,1,1,1,1,1,1
MRSA_jail_190,5,5,5,5,5,5,5,5,5,5,5,5,5,5,5,5,5,5,5,5,5,5,5,5,5,5,5,5,5,5,5,5,6,5,5,5,5,5,5,5,5,5,5,5,5,5,5,5,5,64,9,2,1,1,1,1,1,1,1,1,1,1,1,1,1,1,1,1,1,1,1,1,1,1,1,1,1,1,1,1,1,1,1,1,1,1,1,1,0,0,1,1,1,1,1,1,1,1,1,1,1,1,1,1,1,1,1,1,1,1,1,1,1,1,1,1,1,1,1,1,1,1,1,1,1,1,1,1,1,1,1,1,1,1,1,1,1,1,1,1,1,1,1,1,1,1,1,1,1
MRSA_jail_525,5,5,5,5,5,5,5,5,5,5,5,6,5,5,5,5,5,5,5,5,5,5,5,5,5,5,5,5,5,5,5,5,5,5,5,5,5,5,5,5,5,5,5,5,5,5,5,5,5,9,85,2,1,1,1,2,1,1,1,1,1,1,1,1,1,1,1,1,1,1,1,1,1,1,1,1,1,1,1,1,1,1,1,1,1,1,1,1,0,0,1,1,1,1,1,1,1,1,1,1,1,1,1,1,1,1,1,1,1,1,1,1,1,1,1,1,1,1,1,1,1,1,1,1,1,1,1,1,1,1,1,1,1,1,1,1,1,1,1,1,1,1,1,1,1,1,1,1,1
MRSA_jail_149,2,2,2,2,2,2,2,2,2,2,2,2,2,2,2,2,2,2,2,2,2,2,2,2,2,2,2,2,2,2,2,3,3,2,2,2,2,2,2,2,2,2,2,2,2,2,2,2,2,2,2,73,1,1,1,1,1,1,1,1,1,1,1,1,1,1,1,1,1,1,1,1,1,1,1,1,1,1,1,1,1,1,1,1,1,1,1,1,0,0,1,1,1,1,1,1,1,1,1,1,1,1,1,1,1,1,1,1,1,1,1,1,1,1,1,1,1,1,1,1,1,1,2,1,1,1,1,1,1,1,1,1,1,1,1,1,1,1,1,1,1,1,1,1,1,1,1,1,1
MRSA_jail_163,3,3,3,3,3,3,3,3,3,3,3,3,3,3,3,3,3,3,3,3,3,3,3,3,3,2,2,2,2,2,2,1,1,1,1,1,1,1,1,1,1,1,1,1,1,1,1,1,1,1,1,1,68,34,12,2,2,1,1,1,1,1,1,1,1,1,1,1,1,1,1,1,1,1,1,1,1,1,1,1,1,1,1,1,1,1,1,1,0,0,1,1,1,1,1,1,1,1,1,1,1,1,1,1,1,1,1,1,1,1,1,1,1,1,1,1,1,1,1,1,1,1,1,1,1,1,1,1,1,1,1,1,1,1,1,1,1,1,1,1,1,1,1,1,1,1,1,1,1
MRSA_jail_86,2,2,2,2,2,2,2,2,2,2,2,2,2,2,2,2,2,2,2,2,2,2,2,2,2,1,1,1,1,1,1,1,1,1,1,1,1,1,1,1,1,1,1,1,1,1,1,1,1,1,1,1,34,54,12,2,2,1,1,1,1,1,1,1,1,1,1,1,1,1,1,1,1,1,1,1,1,1,1,1,1,1,1,1,1,1,1,1,0,0,1,1,1,1,1,1,1,1,1,1,1,1,1,1,1,1,1,1,1,1,1,1,1,1,1,1,1,1,1,1,1,1,1,1,1,1,1,1,1,1,1,1,1,1,1,1,1,1,1,1,1,1,1,1,1,1,1,1,1
MRSA_jail_169,2,2,2,2,2,2,2,2,2,3,3,2,2,2,2,2,2,2,2,2,2,2,3,2,2,1,1,1,1,1,1,1,1,1,1,1,1,1,1,1,1,1,1,1,1,1,1,1,1,1,1,1,12,12,78,2,2,1,1,1,1,1,1,1,1,1,1,1,1,1,1,1,1,1,1,1,1,1,1,1,1,1,1,1,1,1,1,1,0,0,1,1,1,1,1,1,1,1,1,1,1,1,1,1,1,1,1,1,1,1,1,1,1,1,1,1,1,1,1,1,1,1,1,1,1,1,1,1,1,1,1,1,1,1,1,1,1,1,1,1,1,1,1,1,1,1,1,1,1
MRSA_jail_520,3,3,3,3,3,3,3,3,3,3,3,4,3,3,3,3,3,3,3,3,3,3,3,4,3,3,3,3,3,3,2,2,2,1,1,1,1,1,1,1,1,1,1,1,1,1,1,1,1,1,2,1,2,2,2,74,2,1,1,1,1,1,1,1,1,1,1,1,1,1,1,1,1,1,1,1,1,1,1,1,1,1,1,1,1,1,1,1,0,0,1,1,1,1,1,1,1,1,1,1,1,1,1,1,1,1,1,1,1,1,1,1,1,1,1,1,1,1,1,1,1,1,1,1,1,1,1,1,1,1,1,1,1,1,1,1,1,1,1,1,1,1,1,1,1,1,1,1,1
MRSA_jail_77,1,1,1,1,1,1,1,1,1,1,1,1,1,1,1,1,1,1,1,1,1,1,1,1,1,1,1,1,1,1,1,1,1,1,1,1,1,1,1,1,1,1,1,1,1,1,1,1,1,1,1,1,2,2,2,2,82,1,1,1,1,1,1,1,1,1,1,1,1,1,1,1,1,1,1,1,1,1,1,1,1,1,1,1,1,1,1,1,0,0,1,1,1,1,1,1,1,1,1,1,1,1,1,1,1,1,1,1,1,1,1,1,1,1,1,1,1,1,1,1,1,1,1,1,1,2,1,1,1,1,1,1,1,1,1,1,1,1,1,1,1,1,1,1,1,1,1,1,1
MRSA_jail_103,1,1,1,1,1,1,1,1,1,1,1,1,1,1,1,1,1,1,1,1,1,1,1,1,1,1,2,2,2,2,2,1,1,1,1,1,1,1,1,1,1,1,1,1,1,1,1,1,1,1,1,1,1,1,1,1,1,64,16,16,16,5,5,5,5,5,5,5,5,5,5,5,5,5,5,5,5,5,5,5,5,5,5,5,5,5,5,5,4,4,5,5,5,5,5,5,5,5,5,5,5,5,5,5,5,5,5,5,5,5,5,5,5,5,5,5,5,5,5,5,5,5,5,5,5,5,5,5,5,5,5,5,5,5,5,5,5,5,5,5,5,5,1,1,1,1,1,1,1
MRSA_jail_136,1,1,1,1,1,1,1,1,1,1,1,1,1,1,1,1,1,1,1,1,1,1,1,1,1,1,1,1,1,1,1,1,1,1,1,1,1,1,1,1,1,1,1,1,1,1,1,1,1,1,1,1,1,1,1,1,1,16,87,58,18,5,5,5,5,5,5,5,5,5,5,5,5,5,5,5,5,5,5,5,5,5,5,5,5,5,5,6,4,4,5,5,5,5,5,5,5,5,5,5,5,5,5,5,5,5,5,5,5,5,5,5,5,5,5,5,5,5,5,5,5,5,5,5,5,5,5,5,5,5,5,5,5,5,5,5,5,5,5,5,5,5,1,1,1,1,1,1,1
MRSA_jail_205,1,1,1,1,1,1,1,1,1,1,1,1,1,1,1,1,1,1,1,1,1,1,1,1,1,1,1,1,1,1,1,1,1,1,1,1,1,1,1,1,1,1,1,1,1,1,1,1,1,1,1,1,1,1,1,1,1,16,58,88,18,5,5,5,5,5,5,5,5,5,5,5,5,5,5,5,5,5,5,5,5,5,5,5,5,5,5,5,4,4,5,5,5,5,5,5,5,5,5,5,5,5,5,5,5,5,5,5,5,5,5,5,5,5,5,5,5,5,5,5,5,5,5,5,5,6,5,5,5,5,5,5,5,5,5,5,5,5,5,5,5,5,1,1,1,1,1,1,1
MRSA_jail_161,2,2,2,2,2,2,2,2,2,2,2,2,2,2,2,2,2,2,2,2,2,2,2,2,2,2,2,2,2,2,2,2,2,1,1,1,1,1,1,1,1,1,1,1,1,1,1,1,1,1,1,1,1,1,1,1,1,16,18,18,105,5,5,5,5,5,5,5,5,5,5,5,5,5,5,5,5,5,5,5,5,5,5,5,5,5,5,5,4,4,5,5,5,5,5,5,5,5,5,5,5,5,5,5,5,5,5,5,5,5,5,5,5,5,5,5,5,5,5,5,5,5,5,5,5,5,5,5,5,5,5,5,5,5,5,5,5,5,5,5,5,5,1,1,1,1,1,1,1
MRSA_jail_109,3,3,3,3,3,3,3,3,3,3,3,3,3,3,3,3,3,3,3,3,3,3,3,4,4,1,1,1,1,1,1,2,2,1,2,2,2,2,2,2,2,2,2,2,2,2,1,1,1,1,1,1,1,1,1,1,1,5,5,5,5,60,31,17,17,17,17,16,16,13,8,8,8,8,8,8,8,8,8,6,6,8,6,6,6,5,5,5,4,4,5,5,5,5,5,5,5,5,5,5,5,5,5,5,5,6,5,5,5,5,5,5,5,5,5,5,5,5,5,5,5,5,5,5,5,5,5,5,5,5,5,5,5,5,5,5,5,5,5,5,5,5,2,2,1,1,1,1,1
MRSA_jail_118,3,3,3,3,3,3,3,3,3,3,3,3,3,3,3,3,3,3,3,3,3,3,3,4,4,1,1,1,2,1,1,2,2,1,2,2,2,2,2,2,2,2,2,2,2,2,1,1,1,1,1,1,1,1,1,1,1,5,5,5,5,31,79,17,17,17,17,16,16,13,8,8,8,8,8,8,8,8,8,6,6,8,6,6,6,5,5,5,4,4,5,5,5,5,5,5,5,5,5,5,5,5,5,5,5,6,5,5,5,5,5,5,5,5,5,5,5,5,6,5,5,5,5,5,5,5,5,5,5,5,5,5,5,5,5,5,5,5,5,5,5,5,2,2,1,1,1,1,1
MRSA_jail_13,2,2,2,2,2,2,2,2,2,2,2,2,2,2,2,2,2,2,2,2,2,2,2,3,3,1,1,1,1,1,2,2,3,1,2,2,2,2,2,2,2,2,2,2,2,2,1,1,1,1,1,1,1,1,1,1,1,5,5,5,5,17,17,65,45,45,45,16,16,13,8,8,8,8,8,8,8,8,8,6,6,8,6,6,6,5,5,5,4,4,5,5,5,5,5,5,5,5,5,5,5,5,5,5,5,6,5,5,5,5,5,5,5,5,5,5,5,5,5,5,5,5,5,5,5,5,5,5,5,5,5,5,5,5,5,5,5,5,5,5,5,5,2,2,1,2,1,1,1
MRSA_jail_211,2,2,2,2,2,2,2,2,2,2,2,2,2,2,2,2,2,2,2,2,2,2,2,3,3,1,1,1,1,1,1,1,2,1,2,2,2,2,2,2,2,2,2,2,2,2,1,1,1,1,1,1,1,1,1,1,1,5,5,5,5,17,17,45,92,48,48,16,16,13,8,8,8,8,8,8,8,8,8,6,6,8,6,6,6,5,5,5,4,4,5,5,5,5,5,5,5,5,5,5,5,5,5,5,5,6,5,5,5,5,5,5,6,6,5,5,5,5,5,5,5,5,5,5,5,5,5,5,5,5,5,5,5,5,5,5,5,5,5,5,5,5,2,2,1,2,1,1,2
MRSA_jail_225,2,2,2,2,2,2,2,2,2,2,2,2,2,2,2,2,2,2,2,2,2,2,2,3,3,1,1,1,1,1,1,1,2,1,2,2,2,2,2,2,2,2,2,2,2,2,1,1,1,1,1,1,1,1,1,1,1,5,5,5,5,17,17,45,48,81,52,16,16,13,8,8,8,8,8,8,8,8,8,6,6,8,6,6,6,5,5,5,4,4,5,5,5,5,5,5,5,6,5,5,5,5,5,5,5,6,5,5,5,5,5,5,5,5,5,5,5,5,6,5,5,5,5,5,5,5,5,5,5,5,5,5,5,5,5,5,5,5,5,5,5,5,2,2,1,2,1,1,1
MRSA_jail_29,2,2,2,2,2,2,2,2,2,2,2,2,2,2,2,2,2,2,2,2,2,2,2,3,3,1,1,1,1,1,1,1,2,1,2,2,2,2,2,2,2,2,2,2,2,2,1,1,1,1,1,1,1,1,1,1,1,5,5,5,5,17,17,45,48,52,77,16,16,13,8,8,8,8,8,8,8,8,8,6,6,8,6,6,6,5,5,5,4,4,5,5,5,5,5,5,5,5,5,5,5,5,5,5,5,6,5,5,5,5,5,5,5,5,5,5,5,5,6,5,5,5,5,5,5,5,5,5,5,5,5,5,5,5,5,5,5,5,5,5,5,5,2,2,1,2,1,1,1
MRSA_jail_10,3,3,3,3,3,3,3,3,3,3,3,3,3,3,3,3,3,3,3,3,3,3,3,4,4,2,2,2,2,2,2,2,3,1,2,2,2,2,2,2,2,2,2,2,2,2,1,1,1,1,1,1,1,1,1,1,1,5,5,5,5,16,16,16,16,16,16,56,54,13,8,8,8,8,8,8,8,8,8,6,6,9,6,6,6,5,5,5,4,4,5,5,5,5,5,5,5,5,5,5,5,5,5,5,5,6,5,5,5,5,5,5,5,5,5,5,5,5,5,5,5,5,5,5,5,5,5,5,5,5,5,5,5,5,5,5,5,5,5,5,5,5,2,2,1,1,1,1,1
MRSA_jail_231,4,4,4,4,4,4,4,4,4,4,4,4,4,4,4,4,4,4,4,4,4,4,4,5,5,3,3,3,3,3,3,3,4,1,2,2,2,2,2,2,2,2,2,2,2,2,1,1,1,1,1,1,1,1,1,1,1,5,5,5,5,16,16,16,16,16,16,54,67,13,8,8,8,8,8,8,8,8,8,6,6,9,6,6,6,5,5,5,4,4,5,5,5,5,5,5,5,5,5,5,5,5,5,5,5,6,5,5,5,5,5,5,5,5,5,5,5,5,5,5,5,5,5,5,5,5,5,5,5,5,5,5,5,5,5,5,5,5,5,5,5,5,2,2,1,1,1,1,1
MRSA_jail_188,3,3,3,3,3,3,3,3,3,3,3,3,3,3,3,3,3,3,3,3,3,3,3,4,4,1,1,1,1,1,1,3,5,1,2,2,2,2,2,2,2,2,2,2,2,2,1,1,1,1,1,1,1,1,1,1,1,5,5,5,5,13,13,13,13,13,13,13,13,68,8,8,8,8,8,8,8,8,8,6,6,8,6,6,6,5,5,5,4,4,5,5,5,5,5,5,5,5,5,5,5,5,5,5,5,6,5,5,5,5,5,5,5,5,5,5,5,5,5,5,5,5,5,5,5,5,5,5,5,5,5,5,5,5,5,5,5,5,5,5,5,5,2,2,1,1,1,1,1
MRSA_jail_254,2,2,2,2,2,2,2,2,2,2,2,2,2,2,2,2,2,2,2,2,2,2,2,3,3,1,1,1,1,1,1,4,2,1,2,2,2,2,2,2,2,2,2,2,2,2,1,1,1,1,1,1,1,1,1,1,1,5,5,5,5,8,8,8,8,8,8,8,8,8,95,8,8,8,8,8,8,8,8,6,6,8,6,6,6,5,5,5,4,4,5,5,5,5,5,5,5,5,5,5,5,5,5,5,5,6,5,5,5,7,6,5,5,5,5,5,5,5,5,7,5,5,5,5,5,5,5,5,5,5,5,5,5,5,5,5,5,5,5,5,5,5,4,4,1,1,2,1,1
MRSA_jail_234,1,1,1,1,1,1,1,1,1,1,1,1,1,1,1,1,1,1,1,1,1,1,1,2,2,1,1,1,1,1,1,1,2,1,2,2,2,2,2,2,2,2,2,2,2,2,1,1,1,1,1,1,1,1,1,1,1,5,5,5,5,8,8,8,8,8,8,8,8,8,8,73,8,8,8,8,8,8,8,6,6,8,6,6,6,5,5,5,4,4,5,5,5,5,5,5,5,5,5,5,5,5,5,5,5,6,5,5,5,5,5,5,5,5,5,5,5,5,5,5,5,5,5,5,5,5,5,5,5,5,5,5,5,5,5,5,5,5,5,5,5,5,2,2,1,1,1,1,1
MRSA_jail_236,1,1,1,1,1,1,1,1,1,1,1,1,1,1,1,1,1,1,1,1,1,1,1,2,2,1,1,1,1,1,1,1,2,1,2,2,2,2,2,2,2,2,2,2,2,2,1,1,1,1,1,1,1,1,1,1,1,5,5,5,5,8,8,8,8,8,8,8,8,8,8,8,91,10,8,8,8,8,8,6,6,8,6,6,6,5,5,5,4,4,5,5,5,5,5,5,5,5,5,5,5,5,5,5,5,6,5,5,5,5,5,5,5,5,5,5,5,5,5,5,5,5,5,5,5,5,5,5,5,5,5,5,5,5,6,5,5,5,5,5,5,5,2,2,1,1,1,1,1
MRSA_jail_518,2,2,2,2,2,2,2,2,2,2,2,2,2,2,2,2,2,2,2,2,2,2,2,3,3,1,1,1,1,1,1,1,2,1,2,2,2,2,2,2,2,2,2,2,2,2,1,1,1,1,1,1,1,1,1,1,1,5,5,5,5,8,8,8,8,8,8,8,8,8,8,8,10,81,8,8,8,8,8,6,6,8,6,6,6,5,5,5,4,4,5,5,5,5,5,5,5,5,5,5,5,5,5,5,5,6,5,5,5,5,5,5,5,5,5,5,5,5,5,5,5,5,5,5,5,5,5,5,5,5,5,5,5,5,5,5,5,5,5,5,5,5,2,2,1,1,1,1,1
MRSA_jail_261,1,1,1,1,1,1,1,1,1,1,1,1,1,1,1,1,1,1,1,1,1,1,1,2,2,2,2,2,2,2,1,1,2,1,2,2,2,2,2,2,2,2,2,2,2,2,1,1,1,1,1,1,1,1,1,1,1,5,5,5,5,8,8,8,8,8,8,8,8,8,8,8,8,8,104,8,8,8,8,6,6,8,6,6,6,5,5,5,5,5,5,5,5,5,5,5,5,5,5,5,5,5,5,5,5,6,5,5,5,5,5,5,5,5,5,5,5,5,5,5,5,5,5,5,5,5,5,5,5,5,5,5,5,5,5,5,5,5,5,5,5,5,2,2,1,1,1,1,1
MRSA_jail_28,1,1,1,1,1,1,1,1,1,1,1,1,1,1,1,1,1,1,1,1,1,1,1,2,2,1,1,1,1,1,1,1,2,1,2,2,2,2,2,2,2,2,2,2,2,2,1,1,1,1,1,1,1,1,1,1,1,5,5,5,5,8,8,8,8,8,8,8,8,8,8,8,8,8,8,74,8,8,8,6,6,8,6,6,6,5,5,5,4,4,5,5,5,5,5,5,5,5,5,5,5,5,5,5,5,6,5,5,5,5,5,5,5,5,5,5,6,5,5,5,5,5,5,5,5,5,5,5,5,5,5,5,5,5,5,5,5,5,5,5,6,6,2,2,1,1,1,1,1
MRSA_jail_24,1,1,1,1,1,1,1,1,2,1,1,1,1,1,1,1,1,1,1,1,1,1,1,2,2,1,1,1,1,1,1,2,3,2,3,3,3,2,2,2,2,2,2,2,2,2,1,1,1,1,1,1,1,1,1,1,1,5,5,5,5,8,8,8,8,8,8,8,8,8,8,8,8,8,8,8,77,8,8,6,6,8,6,6,6,5,5,5,4,4,5,5,5,5,5,5,5,5,5,5,5,5,5,5,5,6,5,5,5,5,5,5,5,5,5,5,5,5,5,5,5,5,5,5,5,5,5,5,5,5,5,5,5,5,5,5,5,5,5,5,5,5,2,2,1,1,1,1,1
MRSA_jail_174,1,1,1,1,1,1,1,1,1,1,1,1,1,1,1,1,1,1,1,1,1,1,1,2,2,1,1,1,1,1,1,2,3,1,3,3,3,2,2,2,2,2,2,2,2,2,1,1,1,1,1,1,1,1,1,1,1,5,5,5,5,8,8,8,8,8,8,8,8,8,8,8,8,8,8,8,8,83,8,6,6,8,6,6,6,5,5,5,4,4,5,5,5,5,5,5,5,5,5,5,5,5,5,5,5,6,5,5,5,5,5,5,5,5,5,5,5,5,5,5,5,5,5,5,5,5,5,5,5,5,5,5,5,5,5,5,5,5,5,5,5,5,2,2,1,1,1,1,1
MRSA_jail_239,3,3,3,3,3,3,3,3,3,3,3,3,3,3,3,3,3,3,3,3,3,3,3,4,4,2,3,3,3,3,2,2,3,1,2,2,2,2,2,2,2,2,2,2,2,2,1,1,1,1,1,1,1,1,1,1,1,5,5,5,5,8,8,8,8,8,8,8,8,8,8,8,8,8,8,8,8,8,78,6,6,8,6,6,6,5,5,5,4,4,5,5,5,5,5,5,5,5,5,5,5,5,5,5,5,6,5,5,5,5,5,5,5,5,5,5,5,5,5,5,5,5,5,5,5,5,5,5,5,5,5,5,5,5,5,5,5,5,5,5,5,5,2,2,1,1,1,1,1
MRSA_jail_112,1,1,1,1,1,1,1,1,1,1,1,1,1,1,1,1,1,1,1,1,1,1,1,2,2,1,1,1,1,1,1,1,2,1,2,2,2,2,2,2,2,2,2,2,2,2,1,1,1,1,1,1,1,1,1,1,1,5,5,5,5,6,6,6,6,6,6,6,6,6,6,6,6,6,6,6,6,6,6,67,7,6,7,6,6,5,5,5,4,4,5,5,5,5,5,5,5,5,5,5,5,5,5,5,5,6,5,5,5,5,5,5,5,5,5,5,5,5,5,5,5,5,5,5,5,5,5,5,5,5,5,5,5,5,5,5,5,5,5,5,5,5,2,2,1,1,1,1,1
MRSA_jail_19,1,1,1,1,1,1,1,1,1,1,1,1,1,1,1,1,1,1,1,1,1,1,1,2,2,1,1,1,1,1,1,1,2,1,2,2,2,2,2,2,2,2,2,2,2,2,1,1,1,1,1,1,1,1,1,1,1,5,5,5,5,6,6,6,6,6,6,6,6,6,6,6,6,6,6,6,6,6,6,7,83,6,7,6,6,5,5,5,4,4,5,5,5,5,5,5,5,5,5,5,5,5,5,5,5,6,5,5,5,5,5,5,5,5,5,5,5,5,5,5,5,5,5,5,5,5,5,5,5,5,5,5,5,5,5,5,5,5,5,5,5,5,2,2,1,1,1,1,1
MRSA_jail_181,2,2,2,2,2,2,2,2,2,2,2,2,2,2,2,2,2,2,2,2,2,2,2,3,3,3,3,3,3,3,1,2,3,1,2,2,2,2,2,2,2,2,2,2,2,2,1,1,1,1,1,1,1,1,1,1,1,5,5,5,5,8,8,8,8,8,8,9,9,8,8,8,8,8,8,8,8,8,8,6,6,87,6,6,6,5,5,5,4,4,5,5,5,5,5,5,5,5,5,5,5,5,5,5,5,6,5,5,5,5,5,5,5,5,5,5,5,5,5,5,5,5,5,5,5,5,5,5,5,5,5,5,5,5,5,5,5,5,5,5,5,5,2,2,1,1,1,1,1
MRSA_jail_274,2,2,2,2,2,2,2,2,2,2,2,2,2,2,2,2,2,2,2,2,2,2,2,3,3,2,2,2,2,2,2,2,4,1,2,2,2,2,2,2,2,2,2,2,2,2,1,1,1,1,1,1,1,1,1,1,1,5,5,5,5,6,6,6,6,6,6,6,6,6,6,6,6,6,6,6,6,6,6,7,7,6,62,6,6,5,5,5,4,4,5,5,5,5,5,5,5,5,5,5,5,5,5,5,5,6,5,5,5,5,5,5,5,5,5,5,5,5,5,5,5,5,5,5,5,5,5,5,5,5,5,5,5,5,5,5,5,5,5,5,5,5,2,2,1,1,1,1,1
MRSA_jail_170,1,1,1,1,1,1,1,1,1,1,1,1,1,1,1,1,1,1,1,1,1,1,1,2,2,1,1,1,1,1,1,2,3,1,2,2,2,2,2,2,2,2,2,2,2,2,1,2,1,1,1,1,1,1,1,1,1,5,5,5,5,6,6,6,6,6,6,6,6,6,6,6,6,6,6,6,6,6,6,6,6,6,6,76,6,5,5,5,4,4,5,5,5,5,5,5,5,5,5,5,5,5,5,5,5,6,5,5,5,5,5,5,5,5,5,5,5,5,5,5,5,5,5,5,5,5,5,5,5,5,5,5,5,5,5,5,5,5,5,5,5,5,2,2,1,1,1,1,1
MRSA_jail_521,1,1,1,1,1,1,1,1,1,1,1,1,1,1,1,1,1,1,1,1,1,1,1,2,2,3,3,3,3,3,2,2,3,1,2,2,2,3,3,3,3,3,3,3,3,3,1,1,1,1,1,1,1,1,1,1,1,5,5,5,5,6,6,6,6,6,6,6,6,6,6,6,6,6,6,6,6,6,6,6,6,6,6,6,90,5,5,5,4,4,5,5,5,5,5,5,5,5,5,5,5,6,6,6,6,7,6,6,5,5,5,5,5,5,5,5,5,5,5,5,5,5,5,5,5,5,5,5,5,5,5,5,5,5,5,5,5,5,5,5,5,5,2,2,1,1,1,1,1
MRSA_jail_160,4,4,4,4,4,4,4,4,4,4,4,4,4,4,4,4,4,4,4,4,3,3,3,3,3,1,1,1,1,1,1,2,2,1,1,1,1,1,1,1,1,1,1,1,1,1,1,1,1,1,1,1,1,1,1,1,1,5,5,5,5,5,5,5,5,5,5,5,5,5,5,5,5,5,5,5,5,5,5,5,5,5,5,5,5,78,59,12,11,11,5,5,5,5,5,5,5,5,5,5,5,5,5,5,5,5,5,5,5,5,5,5,5,5,5,5,5,5,5,5,5,6,6,6,6,6,6,6,6,6,6,5,5,5,5,5,5,5,5,5,5,5,1,1,1,1,1,1,1
MRSA_jail_268,2,2,2,2,2,2,2,2,2,2,2,2,2,2,2,2,2,2,2,2,2,2,2,2,2,1,1,1,1,1,1,2,2,1,1,1,1,1,1,1,1,1,1,1,1,1,1,1,1,1,1,1,1,1,1,1,1,5,5,5,5,5,5,5,5,5,5,5,5,5,5,5,5,5,5,5,5,5,5,5,5,5,5,5,5,59,81,12,11,11,5,5,5,5,5,5,5,5,5,5,5,5,5,5,5,5,5,5,5,5,5,5,5,5,5,5,5,5,5,5,5,6,6,6,6,6,6,6,6,6,6,5,5,5,5,5,5,5,5,5,5,5,1,1,1,1,1,1,1
MRSA_jail_229,1,1,1,1,1,1,1,1,1,1,1,1,1,1,1,1,1,1,1,1,1,1,1,1,1,1,1,1,1,1,1,1,1,1,1,1,1,1,1,1,1,1,1,1,1,1,1,1,1,1,1,1,1,1,1,1,1,5,6,5,5,5,5,5,5,5,5,5,5,5,5,5,5,5,5,5,5,5,5,5,5,5,5,5,5,12,12,96,11,11,5,5,5,5,5,5,5,5,5,5,5,5,5,5,5,5,5,5,5,5,5,5,5,5,5,5,5,5,5,5,5,6,6,6,6,6,6,6,6,6,6,5,5,5,5,5,5,5,5,5,5,5,1,1,1,1,1,1,1
MRSA_jail_58,0,0,0,0,0,0,0,0,0,0,0,0,0,0,0,0,0,0,0,0,0,0,0,0,0,0,0,0,0,0,0,0,0,0,0,0,0,0,0,0,0,0,0,0,0,0,0,0,0,0,0,0,0,0,0,0,0,4,4,4,4,4,4,4,4,4,4,4,4,4,4,4,4,4,5,4,4,4,4,4,4,4,4,4,4,11,11,11,48,48,4,4,4,4,4,4,4,4,4,4,4,4,4,4,4,4,4,4,4,4,4,4,4,4,4,4,4,4,4,4,4,5,5,5,5,5,5,5,5,5,5,4,4,4,4,4,4,4,4,4,4,4,0,0,0,0,0,0,0
MRSA_jail_59,0,0,0,0,0,0,0,0,0,0,0,0,0,0,0,0,0,0,0,0,0,0,0,0,0,0,0,0,0,0,0,0,0,0,0,0,0,0,0,0,0,0,0,0,0,0,0,0,0,0,0,0,0,0,0,0,0,4,4,4,4,4,4,4,4,4,4,4,4,4,4,4,4,4,5,4,4,4,4,4,4,4,4,4,4,11,11,11,48,48,4,4,4,4,4,4,4,4,4,4,4,4,4,4,4,4,4,4,4,4,4,4,4,4,4,4,4,4,4,4,4,5,5,5,5,5,5,5,5,5,5,4,4,4,4,4,4,4,4,4,4,4,0,0,0,0,0,0,0
MRSA_jail_135,2,2,2,2,2,2,2,2,2,2,2,2,2,2,2,2,2,2,2,2,2,2,2,2,2,1,1,1,1,1,1,1,1,1,1,1,1,1,1,1,1,1,1,1,1,1,1,1,1,1,1,1,1,1,1,1,1,5,5,5,5,5,5,5,5,5,5,5,5,5,5,5,5,5,5,5,5,5,5,5,5,5,5,5,5,5,5,5,4,4,62,14,6,6,6,5,5,5,5,5,5,5,5,5,5,5,5,5,5,5,6,5,5,5,5,5,5,5,5,5,5,5,5,5,5,5,5,5,5,5,5,5,5,5,5,5,5,5,5,5,5,5,1,1,1,1,1,1,1
MRSA_jail_16,1,1,1,1,1,1,1,1,6,1,1,1,1,1,1,1,1,1,1,1,1,1,1,1,1,1,1,1,1,1,1,1,1,6,10,10,10,1,1,1,1,1,1,1,1,1,1,1,1,1,1,1,1,1,1,1,1,5,5,5,5,5,5,5,5,5,5,5,5,5,5,5,5,5,5,5,5,5,5,5,5,5,5,5,5,5,5,5,4,4,14,113,6,6,6,5,5,5,5,5,5,5,5,5,5,5,5,5,5,5,5,5,5,5,5,5,5,5,5,5,5,5,5,5,5,5,5,5,5,5,5,5,5,5,5,5,5,5,5,5,5,5,1,1,1,1,1,1,1
MRSA_jail_155,1,1,1,1,1,1,1,1,1,1,1,1,1,1,1,1,1,1,1,1,1,1,1,1,1,3,3,3,3,3,2,2,2,1,1,1,1,1,1,1,1,1,1,1,1,1,1,1,1,1,1,1,1,1,1,1,1,5,5,5,5,5,5,5,5,5,5,5,5,5,5,5,5,5,5,5,5,5,5,5,5,5,5,5,5,5,5,5,4,4,6,6,100,6,6,5,5,5,5,5,5,5,5,5,5,5,5,5,5,5,5,5,5,5,5,5,5,5,5,5,5,5,5,5,5,5,5,5,5,5,5,5,5,5,5,5,5,5,5,5,5,5,1,1,1,1,1,1,1
MRSA_jail_221,1,1,1,1,1,1,1,1,1,1,1,1,1,1,1,1,1,1,1,1,2,2,1,1,1,1,1,1,1,1,1,1,1,1,1,1,1,1,1,1,1,1,1,1,1,1,1,1,1,1,1,1,1,1,1,1,1,5,5,5,5,5,5,5,5,5,5,5,5,5,5,5,5,5,5,5,5,5,5,5,5,5,5,5,5,5,5,5,4,4,6,6,6,64,6,5,5,5,5,5,5,5,5,5,5,5,5,5,5,5,5,5,5,5,5,5,5,5,5,5,5,5,5,5,5,5,5,5,5,5,5,5,5,5,5,5,5,5,5,5,5,5,1,1,1,1,1,1,1
MRSA_jail_150,1,1,1,1,1,1,1,1,1,1,1,1,1,1,1,1,1,1,1,1,1,1,1,1,1,1,1,1,1,1,1,1,1,1,1,1,1,1,1,1,1,1,1,1,1,1,1,1,1,1,1,1,1,1,1,1,1,5,5,5,5,5,5,5,5,5,5,5,5,5,5,5,5,5,5,5,5,5,5,5,5,5,5,5,5,5,5,5,4,4,6,6,6,6,61,5,5,5,5,5,5,5,5,5,5,5,5,5,5,5,5,5,5,5,5,5,6,6,5,5,5,5,5,5,5,5,5,5,5,5,5,5,5,5,5,5,5,5,5,5,5,5,1,1,1,1,1,1,1
MRSA_jail_96,1,1,1,1,1,1,1,1,15,1,1,1,1,1,1,1,1,1,1,1,1,1,1,2,2,1,1,1,1,1,1,1,1,15,11,11,11,1,1,1,1,1,1,1,1,1,2,1,1,1,1,1,1,1,1,1,1,5,5,5,5,5,5,5,5,5,5,5,5,5,5,5,5,5,5,5,5,5,5,5,5,5,5,5,5,5,5,5,4,4,5,5,5,5,5,112,16,7,7,7,7,7,7,7,7,7,7,7,7,7,7,7,7,7,7,7,7,7,7,7,7,5,5,5,5,5,5,5,5,5,5,5,5,5,5,5,5,5,5,5,5,5,1,1,1,1,1,1,1
MRSA_jail_590,1,1,1,1,1,1,1,1,1,1,1,1,1,1,1,1,1,1,1,1,1,1,1,1,1,1,1,1,1,1,2,1,1,2,1,1,1,2,2,2,2,2,2,2,2,1,1,1,1,1,1,1,1,1,1,1,1,5,5,5,5,5,5,5,5,5,5,5,5,5,5,5,5,5,5,5,5,5,5,5,5,5,5,5,5,5,5,5,4,4,5,5,5,5,5,16,103,7,7,7,7,7,7,7,7,7,7,7,7,7,7,7,7,7,7,7,7,7,7,7,7,5,5,5,5,5,5,5,5,5,5,5,5,5,5,5,5,5,5,5,5,5,1,1,1,1,1,1,1
MRSA_jail_114,3,3,3,3,3,3,3,3,3,3,3,3,3,3,3,3,3,3,3,3,3,3,3,3,3,2,2,2,2,2,2,3,3,1,1,1,1,1,1,1,1,1,1,1,1,1,1,2,1,1,1,1,1,1,1,1,1,5,5,5,5,5,5,5,5,6,5,5,5,5,5,5,5,5,5,5,5,5,5,5,5,5,5,5,5,5,5,5,4,4,5,5,5,5,5,7,7,92,7,7,7,7,7,7,7,7,7,7,7,7,7,7,7,7,7,7,7,7,7,7,7,5,5,5,5,5,5,5,5,5,5,5,5,5,5,5,5,5,5,5,5,5,1,1,1,1,1,1,1
MRSA_jail_148,1,1,1,1,1,1,1,1,1,1,1,1,1,1,1,1,1,1,1,1,1,1,1,1,1,1,1,1,1,1,1,1,1,1,1,1,1,1,1,1,1,1,1,1,1,1,2,1,1,1,1,1,1,1,1,1,1,5,5,5,5,5,5,5,5,5,5,5,5,5,5,5,5,5,5,5,5,5,5,5,5,5,5,5,5,5,5,5,4,4,5,5,5,5,5,7,7,7,55,45,46,7,7,7,7,7,7,7,7,7,7,7,7,7,7,7,7,7,7,7,7,5,5,5,5,5,5,5,5,5,5,5,5,5,5,5,5,5,5,5,5,5,1,1,1,1,1,1,1
MRSA_jail_63,1,1,1,1,1,1,1,1,1,1,1,1,1,1,1,1,1,1,1,1,1,1,1,1,1,1,1,1,1,1,1,1,1,1,1,1,1,1,1,1,1,1,1,1,1,1,2,1,1,1,1,1,1,1,1,1,1,5,5,5,5,5,5,5,5,5,5,5,5,5,5,5,5,5,5,5,5,5,5,5,5,5,5,5,5,5,5,5,4,4,5,5,5,5,5,7,7,7,45,54,45,7,7,7,7,7,7,7,7,7,7,7,7,7,7,7,7,7,7,7,7,5,5,5,5,5,5,5,5,5,5,5,5,5,5,5,5,5,5,5,5,5,1,1,1,1,1,1,1
MRSA_jail_1,1,1,1,1,1,1,1,1,1,1,1,1,1,1,1,1,1,1,1,1,1,1,1,1,1,1,1,1,1,1,1,1,1,1,1,1,1,1,1,1,1,1,1,1,1,1,2,1,1,1,1,1,1,1,1,1,1,5,5,5,5,5,5,5,5,5,5,5,5,5,5,5,5,5,5,5,5,5,5,5,5,5,5,5,5,5,5,5,4,4,5,5,5,5,5,7,7,7,46,45,49,7,7,7,7,7,7,7,7,7,7,7,7,7,7,7,7,7,7,7,7,5,5,5,5,5,5,5,5,5,5,5,5,5,5,5,5,5,5,5,5,5,1,1,1,1,1,1,1
